2
3
11
12
17
19
20
22
23
25
28
32
35
36
39
40
48
49
50
53
55
58
61
65
83
84
98
99
102
106
107
109
114
119
122
123
125
126
127
129
130
131
135
141
148
149
154
159
161
162
165
169
171
175
178
187
201
202
203
212
213
215
222
228
230
235
236
247
255
259
270
275
276
286
292
293
311
312
318
319
320
332
340
342
347
363
370
373
376
377
388
397
400
401
407
415
420
443
447
462
467
471
479
480
483
484
491
505
511
512
530
532
546
555
556
557
560
581
582
595
627
632
638
652
670
679
711
712
713
714
717
730
739
753
762
763
772
773
779
783
784
785
792
796
802
806
817
820
824
856
875
881
883
887
895
919
922
928
953
963
979
986
991
995
996
999
1001
1002
1010
1025
1026
1030
1033
1045
1050
1053
1060
1066
1085
1102
1106
1110
1116
1118
1129
1140
1151
1154
1157
1162
1173
1178
1199
1210
1216
1221
1227
1228
1234
1239
1241
1242
1244
1255
1257
1274
1282
1290
1294
1296
1299
1309
1314
1327
1329
1330
1331
1333
1336
1340
1357
1361
1366
1370
1371
1373
1386
1395
1397
1402
1405
1406
1417
1419
1420
1424
1426
1431
1432
1443
1446
1465
1475
1476
1488
1492
1497
1517
1520
1523
1529
1541
1546
1553
1562
1564
1566
1569
1579
1594
1610
1624
1625
1633
1653
1673
1678
1681
1704
1709
1711
1713
1721
1723
1727
1743
1747
1760
1764
1775
1785
1786
1787
1797
1812
1814
1821
1824
1831
1834
1864
1872
1889
1893
1906
1910
1914
1918
1926
1947
1948
1950
1960
1961
1962
1967
1977
1979
1993
2005
2015
2016
2025
2037
2044
2049
2052
2053
2057
2058
2063
2067
2068
2077
2078
2081
2084
2092
2096
2103
2104
2116
2125
2144
2173
2182
2189
2190
2194
2207
2214
2217
2221
2233
2253
2256
2258
2259
2263
2285
2287
2298
2301
2306
2312
2315
2319
2326
2333
2334
2341
2344
2346
2347
2349
2351
2366
2376
2384
2394
2405
2436
2438
2450
2451
2458
2459
2463
2466
2488
2491
2493
2494
2496
2500
2507
2512
2522
2532
2538
2547
2579
2587
2593
2594
2599
2606
2607
2608
2613
2619
2629
2632
2636
2640
2645
2648
2651
2652
2687
2692
2698
2713
2732
2734
2742
2748
2755
2757
2759
2771
2779
2784
2795
2797
2801
2809
2838
2849
2860
2865
2883
2885
2891
2896
2903
2916
2917
2921
2947
2948
2949
2954
2956
2959
2961
2968
2983
2994
2997
3004
3005
3012
3016
3029
3046
3047
3055
3072
3075
3078
3083
3097
3098
3116
3120
3126
3138
3150
3161
3166
3167
3183
3205
3206
3209
3210
3213
3215
3244
3250
3251
3254
3256
3274
3282
3292
3297
3303
3320
3324
3344
3346
3347
3358
3359
3364
3374
3377
3380
3387
3405
3407
3409
3435
3437
3455
3460
3488
3490
3492
3496
3500
3505
3512
3515
3517
3521
3527
3535
3550
3554
3580
3583
3590
3592
3593
3607
3618
3628
3629
3639
3649
3651
3695
3722
3727
3728
3733
3768
3770
3790
3792
3797
3804
3807
3815
3833
3836
3859
3860
3864
3869
3900
3911
3912
3924
3928
3936
3946
3947
3949
3966
3979
4013
4027
4029
4033
4036
4045
4049
4058
4065
4066
4073
4085
4088
4096
4098
4109
4115
4120
4139
4147
4210
4213
4232
4238
4240
4243
4249
4275
4282
4308
4325
4334
4342
4348
4349
4350
4355
4360
4362
4368
4379
4398
4420
4421
4424
4432
4434
4435
4440
4488
4506
4515
4543
4564
4566
4579
4581
4584
4604
4606
4607
4612
4616
4618
4633
4646
4652
4677
4680
4683
4696
4724
4727
4739
4751
4773
4774
4816
4825
4827
4833
4845
4858
4864
4871
4878
4884
4896
4901
4913
4921
4937
4941
4960
4962
4973
4975
4998
5003
5009
5015
5016
5024
5028
5036
5037
5061
5069
5070
5075
5082
5094
5104
5127
5132
5135
5139
5151
5155
5174
5182
5204
5211
5215
5236
5252
5255
5256
5257
5265
5266
5284
5293
5295
5323
5330
5339
5352
5377
5380
5381
5384
5386
5391
5393
5395
5399
5406
5413
5422
5428
5429
5436
5442
5452
5453
5454
5473
5522
5527
5539
5543
5544
5563
5571
5575
5582
5587
5614
5616
5623
5627
5636
5643
5645
5646
5655
5666
5676
5686
5696
5721
5739
5742
5754
5763
5772
5773
5780
5793
5805
5809
5820
5822
5830
5835
5842
5853
5860
5882
5886
5890
5891
5892
5895
5896
5899
5900
5901
5908
5922
5925
5930
5931
5947
5971
5977
5984
5990
5997
6005
6007
6012
6015
6018
6023
6043
6044
6053
6083
6087
6094
6095
6109
6133
6134
6138
6140
6141
6152
6157
6160
6168
6172
6188
6195
6228
6231
6242
6247
6290
6292
6299
6326
6346
6349
6359
6370
6371
6377
6384
6387
6397
6407
6421
6422
6436
6462
6481
6501
6516
6519
6532
6540
6563
6566
6570
6598
6605
6623
6642
6649
6650
6677
6684
6688
6723
6734
6739
6761
6766
6778
6780
6782
6788
6800
6801
6803
6817
6822
6839
6840
6855
6856
6868
6876
6923
6926
6932
6941
6946
6948
6950
6962
6988
7010
7012
7013
7021
7026
7043
7056
7059
7069
7072
7076
7077
7080
7090
7091
7095
7121
7126
7134
7136
7137
7162
7163
7165
7186
7194
7203
7207
7209
7212
7217
7228
7236
7242
7249
7255
7266
7286
7292
7297
7307
7313
7316
7337
7351
7354
7385
7420
7425
7428
7429
7430
7450
7454
7486
7496
7514
7526
7541
7553
7559
7580
7591
7610
7620
7647
7651
7690
7694
7696
7702
7706
7713
7715
7725
7742
7749
7752
7756
7757
7769
7773
7780
7788
7794
7812
7814
7817
7822
7832
7846
7864
7868
7881
7893
7898
7906
7912
7913
7931
7939
7953
7959
7973
7982
8005
8006
8017
8018
8025
8027
8036
8051
8055
8062
8063
8066
8087
8099
8101
8106
8115
8129
8141
8173
8189
8194
8197
8198
8207
8211
8216
8229
8237
8241
8250
8251
8256
8261
8265
8268
8272
8299
8302
8344
8349
8357
8373
8376
8382
8384
8397
8405
8420
8431
8444
8451
8460
8467
8509
8530
8538
8543
8546
8566
8586
8588
8593
8622
8629
8637
8650
8657
8663
8669
8681
8686
8689
8698
8711
8729
8735
8741
8749
8759
8774
8780
8783
8794
8795
8806
8812
8818
8832
8847
8854
8856
8862
8867
8868
8882
8884
8885
8889
8891
8903
8906
8910
8925
8926
8928
8930
8944
8948
8953
8965
8967
8972
8981
8982
8986
9003
9007
9009
9019
9047
9063
9078
9082
9102
9117
9126
9138
9148
9156
9157
9161
9194
9213
9227
9244
9250
9252
9263
9266
9283
9315
9320
9322
9327
9329
9331
9341
9359
9364
9400
9406
9420
9421
9422
9429
9436
9437
9445
9535
9536
9545
9547
9555
9569
9595
9602
9605
9613
9614
9622
9637
9638
9654
9656
9658
9671
9689
9693
9711
9713
9728
9729
9742
9748
9760
9761
9763
9767
9771
9782
9792
9795
9804
9811
9812
9816
9822
9829
9848
9849
9854
9855
9865
9867
9874
9878
9895
9898
9902
9905
9917
9924
9925
9929
9930
9943
9958
9964
9990
10010
10014
10019
10033
10050
10053
10055
10059
10065
10077
10084
10085
10087
10089
10097
10110
10123
10126
10130
10157
10159
10167
10173
10238
10247
10255
10258
10271
10275
10302
10313
10315
10320
10334
10347
10355
10361
10372
10393
10402
10405
10411
10427
10432
10452
10456
10470
10474
10484
10487
10502
10508
10522
10524
10550
10568
10570
10574
10577
10583
10592
10593
10614
10643
10648
10652
10655
10674
10687
10689
10706
10709
10730
10759
10760
10766
10774
10776
10779
10787
10792
10793
10798
10800
10807
10811
10820
10837
10841
10878
10887
10892
10894
10898
10909
10912
10921
10926
10934
10938
10941
10945
10960
10974
10977
10980
10983
10995
11017
11023
11028
11033
11042
11045
11053
11064
11070
11071
11074
11089
11101
11111
11142
11146
11178
11203
11205
11207
11241
11243
11258
11273
11277
11279
11281
11290
11314
11326
11346
11347
11387
11417
11422
11424
11428
11431
11453
11461
11465
11474
11501
11502
11523
11532
11545
11551
11554
11556
11558
11562
11580
11591
11602
11613
11616
11620
11627
11629
11631
11654
11657
11661
11662
11688
11697
11704
11714
11716
11719
11739
11757
11764
11768
11777
11781
11788
11805
11811
11833
11835
11836
11841
11845
11855
11868
11894
11902
11909
11916
11917
11928
11930
11939
11951
11965
11978
11981
11982
11984
11986
11992
12006
12033
12051
12063
12084
12095
12106
12116
12148
12171
12173
12201
12212
12215
12246
12252
12253
12263
12282
12288
12307
12346
12360
12376
12391
12423
12437
12442
12448
12463
12466
12468
12488
12494
12511
12512
12520
12522
12526
12527
12534
12542
12543
12552
12557
12560
12592
12626
12634
12635
12641
12645
12654
12673
12675
12679
12692
12704
12716
12727
12733
12738
12740
12747
12777
12780
12781
12784
12787
12811
12831
12834
12840
12844
12846
12847
12859
12877
12881
12917
12938
12940
12950
12952
12966
12975
12998
13001
13005
13011
13020
13023
13030
13034
13037
13062
13065
13092
13103
13113
13116
13119
13137
13144
13145
13157
13175
13177
13189
13217
13221
13222
13223
13230
13235
13239
13245
13259
13269
13286
13291
13301
13306
13307
13319
13324
13346
13349
13350
13361
13364
13367
13380
13390
13394
13405
13424
13433
13452
13470
13481
13484
13507
13508
13523
13525
13528
13531
13550
13558
13564
13584
13608
13610
13611
13628
13631
13634
13638
13643
13650
13655
13665
13667
13673
13674
13675
13704
13713
13716
13728
13750
13762
13773
13790
13800
13816
13822
13823
13828
13834
13853
13854
13859
13860
13881
13890
13892
13894
13897
13923
13924
13938
13946
13953
13971
13976
13979
13991
13992
13996
14003
14007
14014
14017
14019
14024
14046
14048
14054
14061
14069
14075
14095
14118
14131
14144
14148
14151
14156
14168
14174
14177
14181
14184
14223
14245
14270
14294
14297
14299
14306
14307
14321
14342
14358
14370
14399
14409
14428
14429
14433
14435
14454
14464
14473
14478
14488
14494
14510
14533
14538
14542
14545
14562
14575
14588
14593
14606
14607
14609
14611
14616
14621
14623
14627
14629
14636
14650
14656
14664
14669
14674
14675
14697
14731
14733
14747
14749
14776
14781
14785
14794
14801
14807
14826
14838
14841
14846
14855
14862
14872
14885
14895
14903
14907
14923
14925
14928
14933
14943
14952
14975
14988
14990
14997
15006
15014
15024
15049
15063
15066
15069
15072
15074
15077
15083
15102
15104
15108
15120
15123
15127
15134
15147
15155
15161
15178
15198
15217
15224
15244
15252
15255
15256
15257
15270
15271
15275
15281
15303
15314
15338
15343
15356
15367
15393
15411
15418
15421
15438
15455
15469
15471
15481
15493
15506
15508
15516
15525
15526
15539
15540
15554
15567
15574
15610
15613
15617
15636
15664
15670
15674
15676
15680
15693
15697
15706
15723
15732
15753
15768
15782
15788
15801
15804
15806
15810
15813
15859
15865
15873
15893
15902
15923
15936
15940
15941
15955
15963
15974
15987
15992
15994
16008
16018
16020
16028
16042
16062
16074
16079
16083
16101
16104
16105
16110
16121
16131
16147
16154
16171
16191
16197
16212
16213
16215
16216
16231
16240
16247
16256
16270
16275
16283
16291
16297
16306
16313
16316
16328
16333
16359
16367
16393
16395
16397
16401
16402
16407
16410
16416
16419
16425
16428
16444
16462
16490
16491
16506
16509
16514
16521
16523
16529
16534
16535
16560
16562
16574
16588
16598
16606
16617
16619
16631
16634
16641
16650
16651
16660
16670
16690
16695
16697
16726
16728
16732
16748
16749
16761
16778
16785
16787
16793
16795
16815
16816
16834
16835
16841
16843
16872
16879
16882
16895
16896
16914
16926
16945
16970
16982
16988
17003
17005
17008
17035
17041
17043
17063
17075
17079
17092
17099
17102
17107
17111
17126
17158
17163
17180
17188
17193
17203
17216
17219
17251
17252
17265
17274
17278
17282
17285
17291
17303
17314
17328
17333
17342
17344
17345
17350
17352
17369
17371
17381
17383
17405
17428
17447
17449
17455
17459
17481
17498
17511
17514
17517
17538
17544
17546
17578
17596
17600
17601
17611
17613
17618
17652
17654
17685
17689
17691
17695
17703
17714
17723
17726
17729
17731
17733
17739
17744
17748
17750
17755
17786
17795
17798
17809
17823
17832
17849
17864
17868
17871
17881
17888
17889
17893
17903
17904
17908
17914
17917
17923
17927
17955
17979
17994
18020
18044
18068
18074
18083
18102
18104
18107
18110
18113
18122
18124
18133
18146
18151
18173
18175
18181
18193
18195
18206
18214
18215
18216
18226
18231
18232
18234
18241
18245
18258
18280
18285
18296
18314
18325
18332
18334
18340
18341
18393
18406
18415
18423
18436
18440
18473
18497
18505
18507
18509
18522
18523
18524
18526
18529
18534
18563
18573
18591
18600
18604
18606
18611
18612
18644
18668
18670
18704
18713
18720
18722
18739
18764
18780
18794
18795
18800
18802
18817
18820
18829
18831
18845
18847
18852
18853
18858
18864
18867
18878
18892
18899
18909
18914
18922
18927
18931
18932
18937
18990
19003
19021
19024
19029
19043
19050
19054
19059
19062
19063
19070
19082
19090
19099
19112
19114
19115
19117
19127
19130
19146
19148
19173
19177
19182
19191
19197
19219
19262
19266
19272
19279
19285
19295
19307
19319
19336
19340
19344
19369
19373
19383
19385
19395
19397
19406
19411
19415
19434
19491
19505
19512
19515
19528
19544
19548
19549
19565
19581
19585
19626
19628
19638
19647
19650
19657
19658
19659
19660
19665
19667
19676
19680
19690
19699
19700
19707
19724
19747
19759
19786
19795
19807
19814
19821
19827
19831
19835
19836
19838
19841
19862
19873
19885
19889
19903
19907
19917
19920
19923
19925
19926
19928
19941
19952
19959
19966
19978
19988
19995
20001
20007
20032
20035
20062
20075
20078
20097
20111
20128
20137
20164
20203
20204
20216
20225
20235
20238
20241
20245
20259
20261
20267
20273
20283
20301
20311
20316
20317
20321
20338
20343
20356
20358
20361
20371
20373
20378
20412
20424
20439
20452
20454
20483
20493
20496
20511
20512
20522
20526
20528
20548
20552
20560
20564
20566
20570
20574
20590
20597
20608
20625
20640
20654
20667
20677
20678
20711
20716
20717
20720
20732
20737
20746
20764
20767
20773
20782
20792
20803
20810
20813
20829
20832
20841
20855
20857
20859
20873
20876
20877
20878
20879
20891
20902
20912
20913
20921
20924
20946
20957
20963
20982
20985
21013
21038
21041
21047
21048
21064
21070
21085
21117
21121
21133
21136
21147
21150
21152
21178
21179
21192
21196
21218
21225
21238
21242
21272
21275
21288
21292
21296
21330
21332
21341
21357
21363
21366
21375
21381
21402
21417
21423
21424
21438
21439
21455
21470
21477
21480
21498
21520
21531
21536
21542
21557
21570
21588
21595
21617
21623
21626
21650
21651
21665
21677
21683
21690
21696
21697
21704
21714
21728
21738
21742
21748
21757
21771
21777
21780
21796
21800
21815
21816
21821
21829
21836
21846
21852
21863
21865
21876
21897
21908
21916
21921
21930
21947
21961
21963
21966
21968
21970
22020
22042
22059
22081
22088
22090
22095
22106
22130
22137
22141
22148
22153
22174
22175
22176
22188
22189
22211
22212
22218
22231
22233
22240
22250
22260
22301
22324
22329
22343
22348
22370
22371
22379
22381
22384
22405
22410
22416
22444
22448
22475
22479
22486
22509
22521
22535
22550
22586
22587
22608
22628
22634
22636
22646
22651
22669
22676
22688
22689
22709
22731
22738
22769
22773
22777
22780
22794
22808
22814
22830
22862
22868
22877
22901
22902
22925
22966
22980
22982
22999
23001
23004
23006
23033
23037
23038
23048
23052
23056
23066
23083
23087
23088
23121
23128
23186
23191
23192
23202
23203
23246
23254
23257
23263
23264
23282
23312
23316
23323
23325
23329
23338
23364
23367
23376
23379
23405
23409
23412
23420
23440
23464
23485
23495
23503
23507
23536
23551
23588
23607
23608
23614
23615
23618
23629
23659
23672
23685
23695
23714
23716
23733
23747
23791
23795
23805
23820
23834
23839
23858
23873
23939
23943
23954
24002
24006
24008
24030
24038
24066
24067
24083
24087
24089
24095
24109
24133
24152
24160
24168
24169
24170
24175
24188
24192
24208
24211
24228
24233
24234
24235
24242
24258
24276
24283
24284
24287
24295
24323
24324
24328
24338
24341
24360
24371
24377
24397
24436
24446
24451
24455
24460
24474
24487
24499
24510
24512
24523
24529
24536
24582
24599
24646
24649
24663
24666
24669
24670
24671
24673
24679
24696
24706
24707
24708
24713
24721
24735
24737
24789
24801
24813
24832
24843
24845
24856
24868
24871
24896
24898
24910
24946
24956
24977
24986
24997
25005
25022
25046
25075
25080
25081
25104
25107
25112
25120
25125
25129
25143
25174
25182
25190
25198
25200
25202
25210
25230
25232
25271
25277
25282
25310
25317
25329
25345
25349
25354
25355
25370
25374
25397
25403
25416
25422
25430
25434
25456
25475
25478
25485
25499
25513
25523
25532
25540
25552
25557
25571
25587
25606
25611
25650
25653
25671
25677
25683
25688
25692
25700
25713
25728
25746
25755
25762
25777
25779
25786
25796
25797
25798
25806
25808
25810
25835
25837
25841
25842
25846
25870
25871
25874
25885
25886
25896
25899
25902
25903
25907
25908
25918
25921
25922
25936
25941
25953
25966
25969
25975
25981
25997
26005
26014
26039
26055
26066
26068
26073
26082
26089
26093
26101
26104
26105
26117
26127
26147
26165
26172
26183
26192
26195
26219
26226
26229
26232
26239
26262
26268
26273
26278
26290
26293
26296
26299
26301
26302
26332
26333
26337
26339
26340
26358
26373
26377
26378
26380
26405
26411
26413
26414
26433
26449
26465
26466
26494
26498
26511
26523
26549
26561
26565
26576
26579
26585
26607
26614
26624
26628
26642
26657
26658
26670
26674
26685
26687
26711
26713
26715
26724
26754
26758
26796
26814
26829
26840
26850
26855
26875
26883
26891
26896
26900
26901
26907
26921
26930
26937
26938
26942
26949
26955
26958
26963
26974
26975
26979
26983
26990
26991
26993
27022
27023
27039
27052
27071
27076
27084
27085
27097
27099
27103
27105
27114
27123
27129
27140
27150
27152
27162
27176
27189
27241
27265
27305
27315
27323
27329
27338
27345
27355
27367
27376
27383
27399
27403
27407
27438
27440
27452
27453
27460
27465
27469
27471
27498
27514
27527
27537
27538
27544
27550
27557
27564
27571
27572
27636
27662
27669
27670
27677
27689
27694
27724
27727
27732
27734
27747
27763
27771
27778
27785
27792
27794
27806
27839
27845
27852
27870
27938
27941
27948
27988
28022
28032
28049
28067
28089
28096
28106
28108
28119
28121
28171
28177
28178
28180
28201
28204
28210
28214
28217
28227
28238
28244
28248
28260
28265
28301
28304
28317
28341
28342
28361
28364
28371
28377
28379
28382
28389
28399
28412
28425
28434
28441
28450
28456
28463
28464
28467
28484
28486
28500
28504
28526
28532
28538
28539
28541
28544
28548
28554
28567
28586
28600
28603
28609
28615
28629
28630
28662
28683
28689
28692
28717
28793
28801
28805
28806
28818
28822
28825
28829
28832
28838
28840
28844
28860
28865
28870
28875
28883
28886
28893
28905
28909
28933
28944
28972
28974
28994
29006
29031
29032
29035
29037
29039
29042
29050
29052
29053
29082
29087
29088
29092
29117
29124
29143
29144
29162
29174
29180
29209
29210
29218
29220
29222
29225
29253
29259
29264
29271
29282
29283
29295
29308
29311
29325
29337
29353
29356
29362
29370
29382
29402
29404
29423
29425
29438
29453
29463
29491
29495
29508
29516
29537
29538
29543
29556
29559
29566
29567
29577
29598
29604
29606
29610
29615
29616
29624
29626
29639
29641
29646
29649
29653
29660
29667
29697
29703
29714
29727
29741
29743
29745
29748
29776
29777
29795
29834
29837
29841
29858
29863
29864
29865
29904
29910
29919
29949
29953
29961
29989
29990
29991
29999
