2,0,0
3,1,0
11,4,2
12,5,2
17,10,2
19,1,3
20,2,3
22,4,3
23,5,3
25,7,3
28,10,3
32,2,4
35,5,4
36,6,4
39,9,4
40,10,4
48,1,5
49,2,5
50,3,5
53,6,5
55,8,5
58,11,5
61,14,5
65,18,5
83,17,6
84,18,6
98,12,7
99,13,7
102,16,7
106,20,7
107,21,7
109,1,8
114,6,8
119,11,8
122,14,8
123,15,8
125,17,8
126,18,8
127,19,8
129,21,8
130,22,8
131,0,9
135,4,9
141,10,9
148,17,9
149,18,9
154,23,9
159,3,10
161,5,10
162,6,10
165,9,10
169,13,10
171,15,10
175,19,10
178,22,10
187,3,11
201,17,11
202,18,11
203,19,11
212,28,11
213,29,11
215,31,11
222,6,12
228,12,12
230,14,12
235,19,12
236,20,12
247,31,12
255,4,13
259,8,13
270,19,13
275,24,13
276,25,13
286,35,13
292,5,14
293,6,14
311,24,14
312,25,14
318,31,14
319,32,14
320,33,14
332,6,15
340,14,15
342,16,15
347,21,15
363,37,15
370,4,16
373,7,16
376,10,16
377,11,16
388,22,16
397,31,16
400,34,16
401,35,16
407,41,16
415,1,17
420,6,17
443,29,17
447,33,17
462,48,17
467,4,18
471,8,18
479,16,18
480,17,18
483,20,18
484,21,18
491,28,18
505,42,18
511,48,18
512,49,18
530,17,19
532,19,19
546,33,19
555,42,19
556,43,19
557,44,19
560,47,19
581,15,20
582,16,20
595,29,20
627,6,21
632,11,21
638,17,21
652,31,21
670,49,21
679,0,22
711,32,22
712,33,22
713,34,22
714,35,22
717,38,22
730,51,22
739,60,22
753,13,23
762,22,23
763,23,23
772,32,23
773,33,23
779,39,23
783,43,23
784,44,23
785,45,23
792,52,23
796,56,23
802,62,23
806,1,24
817,12,24
820,15,24
824,19,24
856,51,24
875,70,24
881,76,24
883,78,24
887,82,24
895,7,25
919,31,25
922,34,25
928,40,25
953,65,25
963,75,25
979,7,26
986,14,26
991,19,26
995,23,26
996,24,26
999,27,26
1001,29,26
1002,30,26
1010,38,26
1025,53,26
1026,54,26
1030,58,26
1033,61,26
1045,73,26
1050,78,26
1053,81,26
1060,88,26
1066,94,26
1085,15,27
1102,32,27
1106,36,27
1110,40,27
1116,46,27
1118,48,27
1129,59,27
1140,70,27
1151,81,27
1154,84,27
1157,87,27
1162,92,27
1173,4,28
1178,9,28
1199,30,28
1210,41,28
1216,47,28
1221,52,28
1227,58,28
1228,59,28
1234,65,28
1239,70,28
1241,72,28
1242,73,28
1244,75,28
1255,86,28
1257,88,28
1274,3,29
1282,11,29
1290,19,29
1294,23,29
1296,25,29
1299,28,29
1309,38,29
1314,43,29
1327,56,29
1329,58,29
1330,59,29
1331,60,29
1333,62,29
1336,65,29
1340,69,29
1357,86,29
1361,90,29
1366,95,29
1370,99,29
1371,100,29
1373,102,29
1386,9,30
1395,18,30
1397,20,30
1402,25,30
1405,28,30
1406,29,30
1417,40,30
1419,42,30
1420,43,30
1424,47,30
1426,49,30
1431,54,30
1432,55,30
1443,66,30
1446,69,30
1465,88,30
1475,98,30
1476,99,30
1488,4,31
1492,8,31
1497,13,31
1517,33,31
1520,36,31
1523,39,31
1529,45,31
1541,57,31
1546,62,31
1553,69,31
1562,78,31
1564,80,31
1566,82,31
1569,85,31
1579,95,31
1594,1,32
1610,17,32
1624,31,32
1625,32,32
1633,40,32
1653,60,32
1673,80,32
1678,85,32
1681,88,32
1704,111,32
1709,2,33
1711,4,33
1713,6,33
1721,14,33
1723,16,33
1727,20,33
1743,36,33
1747,40,33
1760,53,33
1764,57,33
1775,68,33
1785,78,33
1786,79,33
1787,80,33
1797,90,33
1812,105,33
1814,107,33
1821,114,33
1824,117,33
1831,5,34
1834,8,34
1864,38,34
1872,46,34
1889,63,34
1893,67,34
1906,80,34
1910,84,34
1914,88,34
1918,92,34
1926,100,34
1947,121,34
1948,0,35
1950,2,35
1960,12,35
1961,13,35
1962,14,35
1967,19,35
1977,29,35
1979,31,35
1993,45,35
2005,57,35
2015,67,35
2016,68,35
2025,77,35
2037,89,35
2044,96,35
2049,101,35
2052,104,35
2053,105,35
2057,109,35
2058,110,35
2063,115,35
2067,119,35
2068,120,35
2077,6,36
2078,7,36
2081,10,36
2084,13,36
2092,21,36
2096,25,36
2103,32,36
2104,33,36
2116,45,36
2125,54,36
2144,73,36
2173,102,36
2182,111,36
2189,118,36
2190,119,36
2194,123,36
2207,11,37
2214,18,37
2217,21,37
2221,25,37
2233,37,37
2253,57,37
2256,60,37
2258,62,37
2259,63,37
2263,67,37
2285,89,37
2287,91,37
2298,102,37
2301,105,37
2306,110,37
2312,116,37
2315,119,37
2319,123,37
2326,4,38
2333,11,38
2334,12,38
2341,19,38
2344,22,38
2346,24,38
2347,25,38
2349,27,38
2351,29,38
2366,44,38
2376,54,38
2384,62,38
2394,72,38
2405,83,38
2436,114,38
2438,116,38
2450,1,39
2451,2,39
2458,9,39
2459,10,39
2463,14,39
2466,17,39
2488,39,39
2491,42,39
2493,44,39
2494,45,39
2496,47,39
2500,51,39
2507,58,39
2512,63,39
2522,73,39
2532,83,39
2538,89,39
2547,98,39
2579,1,40
2587,9,40
2593,15,40
2594,16,40
2599,21,40
2606,28,40
2607,29,40
2608,30,40
2613,35,40
2619,41,40
2629,51,40
2632,54,40
2636,58,40
2640,62,40
2645,67,40
2648,70,40
2651,73,40
2652,74,40
2687,109,40
2692,114,40
2698,120,40
2713,5,41
2732,24,41
2734,26,41
2742,34,41
2748,40,41
2755,47,41
2757,49,41
2759,51,41
2771,63,41
2779,71,41
2784,76,41
2795,87,41
2797,89,41
2801,93,41
2809,101,41
2838,130,41
2849,10,42
2860,21,42
2865,26,42
2883,44,42
2885,46,42
2891,52,42
2896,57,42
2903,64,42
2916,77,42
2917,78,42
2921,82,42
2947,108,42
2948,109,42
2949,110,42
2954,115,42
2956,117,42
2959,120,42
2961,122,42
2968,129,42
2983,9,43
2994,20,43
2997,23,43
3004,30,43
3005,31,43
3012,38,43
3016,42,43
3029,55,43
3046,72,43
3047,73,43
3055,81,43
3072,98,43
3075,101,43
3078,104,43
3083,109,43
3097,123,43
3098,124,43
3116,1,44
3120,5,44
3126,11,44
3138,23,44
3150,35,44
3161,46,44
3166,51,44
3167,52,44
3183,68,44
3205,90,44
3206,91,44
3209,94,44
3210,95,44
3213,98,44
3215,100,44
3244,129,44
3250,135,44
3251,136,44
3254,139,44
3256,141,44
3274,11,45
3282,19,45
3292,29,45
3297,34,45
3303,40,45
3320,57,45
3324,61,45
3344,81,45
3346,83,45
3347,84,45
3358,95,45
3359,96,45
3364,101,45
3374,111,45
3377,114,45
3380,117,45
3387,124,45
3405,142,45
3407,144,45
3409,146,45
3435,23,46
3437,25,46
3455,43,46
3460,48,46
3488,76,46
3490,78,46
3492,80,46
3496,84,46
3500,88,46
3505,93,46
3512,100,46
3515,103,46
3517,105,46
3521,109,46
3527,115,46
3535,123,46
3550,138,46
3554,142,46
3580,14,47
3583,17,47
3590,24,47
3592,26,47
3593,27,47
3607,41,47
3618,52,47
3628,62,47
3629,63,47
3639,73,47
3649,83,47
3651,85,47
3695,129,47
3722,156,47
3727,2,48
3728,3,48
3733,8,48
3768,43,48
3770,45,48
3790,65,48
3792,67,48
3797,72,48
3804,79,48
3807,82,48
3815,90,48
3833,108,48
3836,111,48
3859,134,48
3860,135,48
3864,139,48
3869,144,48
3900,14,49
3911,25,49
3912,26,49
3924,38,49
3928,42,49
3936,50,49
3946,60,49
3947,61,49
3949,63,49
3966,80,49
3979,93,49
4013,127,49
4027,141,49
4029,143,49
4033,147,49
4036,150,49
4045,159,49
4049,1,50
4058,10,50
4065,17,50
4066,18,50
4073,25,50
4085,37,50
4088,40,50
4096,48,50
4098,50,50
4109,61,50
4115,67,50
4120,72,50
4139,91,50
4147,99,50
4210,162,50
4213,0,51
4232,19,51
4238,25,51
4240,27,51
4243,30,51
4249,36,51
4275,62,51
4282,69,51
4308,95,51
4325,112,51
4334,121,51
4342,129,51
4348,135,51
4349,136,51
4350,137,51
4355,142,51
4360,147,51
4362,149,51
4368,155,51
4379,166,51
4398,16,52
4420,38,52
4421,39,52
4424,42,52
4432,50,52
4434,52,52
4435,53,52
4440,58,52
4488,106,52
4506,124,52
4515,133,52
4543,161,52
4564,11,53
4566,13,53
4579,26,53
4581,28,53
4584,31,53
4604,51,53
4606,53,53
4607,54,53
4612,59,53
4616,63,53
4618,65,53
4633,80,53
4646,93,53
4652,99,53
4677,124,53
4680,127,53
4683,130,53
4696,143,53
4724,171,53
4727,174,53
4739,11,54
4751,23,54
4773,45,54
4774,46,54
4816,88,54
4825,97,54
4827,99,54
4833,105,54
4845,117,54
4858,130,54
4864,136,54
4871,143,54
4878,150,54
4884,156,54
4896,168,54
4901,173,54
4913,7,55
4921,15,55
4937,31,55
4941,35,55
4960,54,55
4962,56,55
4973,67,55
4975,69,55
4998,92,55
5003,97,55
5009,103,55
5015,109,55
5016,110,55
5024,118,55
5028,122,55
5036,130,55
5037,131,55
5061,155,55
5069,163,55
5070,164,55
5075,169,55
5082,176,55
5094,1,56
5104,11,56
5127,34,56
5132,39,56
5135,42,56
5139,46,56
5151,58,56
5155,62,56
5174,81,56
5182,89,56
5204,111,56
5211,118,56
5215,122,56
5236,143,56
5252,159,56
5255,162,56
5256,163,56
5257,164,56
5265,172,56
5266,173,56
5284,191,56
5293,200,56
5295,1,57
5323,29,57
5330,36,57
5339,45,57
5352,58,57
5377,83,57
5380,86,57
5381,87,57
5384,90,57
5386,92,57
5391,97,57
5393,99,57
5395,101,57
5399,105,57
5406,112,57
5413,119,57
5422,128,57
5428,134,57
5429,135,57
5436,142,57
5442,148,57
5452,158,57
5453,159,57
5454,160,57
5473,179,57
5522,26,58
5527,31,58
5539,43,58
5543,47,58
5544,48,58
5563,67,58
5571,75,58
5575,79,58
5582,86,58
5587,91,58
5614,118,58
5616,120,58
5623,127,58
5627,131,58
5636,140,58
5643,147,58
5645,149,58
5646,150,58
5655,159,58
5666,170,58
5676,180,58
5686,190,58
5696,200,58
5721,22,59
5739,40,59
5742,43,59
5754,55,59
5763,64,59
5772,73,59
5773,74,59
5780,81,59
5793,94,59
5805,106,59
5809,110,59
5820,121,59
5822,123,59
5830,131,59
5835,136,59
5842,143,59
5853,154,59
5860,161,59
5882,183,59
5886,187,59
5890,191,59
5891,192,59
5892,193,59
5895,196,59
5896,197,59
5899,200,59
5900,201,59
5901,202,59
5908,209,59
5922,11,60
5925,14,60
5930,19,60
5931,20,60
5947,36,60
5971,60,60
5977,66,60
5984,73,60
5990,79,60
5997,86,60
6005,94,60
6007,96,60
6012,101,60
6015,104,60
6018,107,60
6023,112,60
6043,132,60
6044,133,60
6053,142,60
6083,172,60
6087,176,60
6094,183,60
6095,184,60
6109,198,60
6133,9,61
6134,10,61
6138,14,61
6140,16,61
6141,17,61
6152,28,61
6157,33,61
6160,36,61
6168,44,61
6172,48,61
6188,64,61
6195,71,61
6228,104,61
6231,107,61
6242,118,61
6247,123,61
6290,166,61
6292,168,61
6299,175,61
6326,202,61
6346,7,62
6349,10,62
6359,20,62
6370,31,62
6371,32,62
6377,38,62
6384,45,62
6387,48,62
6397,58,62
6407,68,62
6421,82,62
6422,83,62
6436,97,62
6462,123,62
6481,142,62
6501,162,62
6516,177,62
6519,180,62
6532,193,62
6540,201,62
6563,2,63
6566,5,63
6570,9,63
6598,37,63
6605,44,63
6623,62,63
6642,81,63
6649,88,63
6650,89,63
6677,116,63
6684,123,63
6688,127,63
6723,162,63
6734,173,63
6739,178,63
6761,200,63
6766,205,63
6778,217,63
6780,219,63
6782,221,63
6788,227,63
6800,11,64
6801,12,64
6803,14,64
6817,28,64
6822,33,64
6839,50,64
6840,51,64
6855,66,64
6856,67,64
6868,79,64
6876,87,64
6923,134,64
6926,137,64
6932,143,64
6941,152,64
6946,157,64
6948,159,64
6950,161,64
6962,173,64
6988,199,64
7010,221,64
7012,223,64
7013,224,64
7021,2,65
7026,7,65
7043,24,65
7056,37,65
7059,40,65
7069,50,65
7072,53,65
7076,57,65
7077,58,65
7080,61,65
7090,71,65
7091,72,65
7095,76,65
7121,102,65
7126,107,65
7134,115,65
7136,117,65
7137,118,65
7162,143,65
7163,144,65
7165,146,65
7186,167,65
7194,175,65
7203,184,65
7207,188,65
7209,190,65
7212,193,65
7217,198,65
7228,209,65
7236,217,65
7242,223,65
7249,230,65
7255,1,66
7266,12,66
7286,32,66
7292,38,66
7297,43,66
7307,53,66
7313,59,66
7316,62,66
7337,83,66
7351,97,66
7354,100,66
7385,131,66
7420,166,66
7425,171,66
7428,174,66
7429,175,66
7430,176,66
7450,196,66
7454,200,66
7486,232,66
7496,6,67
7514,24,67
7526,36,67
7541,51,67
7553,63,67
7559,69,67
7580,90,67
7591,101,67
7610,120,67
7620,130,67
7647,157,67
7651,161,67
7690,200,67
7694,204,67
7696,206,67
7702,212,67
7706,216,67
7713,223,67
7715,225,67
7725,235,67
7742,5,68
7749,12,68
7752,15,68
7756,19,68
7757,20,68
7769,32,68
7773,36,68
7780,43,68
7788,51,68
7794,57,68
7812,75,68
7814,77,68
7817,80,68
7822,85,68
7832,95,68
7846,109,68
7864,127,68
7868,131,68
7881,144,68
7893,156,68
7898,161,68
7906,169,68
7912,175,68
7913,176,68
7931,194,68
7939,202,68
7953,216,68
7959,222,68
7973,236,68
7982,245,68
8005,13,69
8006,14,69
8017,25,69
8018,26,69
8025,33,69
8027,35,69
8036,44,69
8051,59,69
8055,63,69
8062,70,69
8063,71,69
8066,74,69
8087,95,69
8099,107,69
8101,109,69
8106,114,69
8115,123,69
8129,137,69
8141,149,69
8173,181,69
8189,197,69
8194,202,69
8197,205,69
8198,206,69
8207,215,69
8211,219,69
8216,224,69
8229,237,69
8237,245,69
8241,249,69
8250,258,69
8251,0,70
8256,5,70
8261,10,70
8265,14,70
8268,17,70
8272,21,70
8299,48,70
8302,51,70
8344,93,70
8349,98,70
8357,106,70
8373,122,70
8376,125,70
8382,131,70
8384,133,70
8397,146,70
8405,154,70
8420,169,70
8431,180,70
8444,193,70
8451,200,70
8460,209,70
8467,216,70
8509,258,70
8530,9,71
8538,17,71
8543,22,71
8546,25,71
8566,45,71
8586,65,71
8588,67,71
8593,72,71
8622,101,71
8629,108,71
8637,116,71
8650,129,71
8657,136,71
8663,142,71
8669,148,71
8681,160,71
8686,165,71
8689,168,71
8698,177,71
8711,190,71
8729,208,71
8735,214,71
8741,220,71
8749,228,71
8759,238,71
8774,253,71
8780,259,71
8783,262,71
8794,273,71
8795,274,71
8806,10,72
8812,16,72
8818,22,72
8832,36,72
8847,51,72
8854,58,72
8856,60,72
8862,66,72
8867,71,72
8868,72,72
8882,86,72
8884,88,72
8885,89,72
8889,93,72
8891,95,72
8903,107,72
8906,110,72
8910,114,72
8925,129,72
8926,130,72
8928,132,72
8930,134,72
8944,148,72
8948,152,72
8953,157,72
8965,169,72
8967,171,72
8972,176,72
8981,185,72
8982,186,72
8986,190,72
9003,207,72
9007,211,72
9009,213,72
9019,223,72
9047,251,72
9063,267,72
9078,6,73
9082,10,73
9102,30,73
9117,45,73
9126,54,73
9138,66,73
9148,76,73
9156,84,73
9157,85,73
9161,89,73
9194,122,73
9213,141,73
9227,155,73
9244,172,73
9250,178,73
9252,180,73
9263,191,73
9266,194,73
9283,211,73
9315,243,73
9320,248,73
9322,250,73
9327,255,73
9329,257,73
9331,259,73
9341,269,73
9359,1,74
9364,6,74
9400,42,74
9406,48,74
9420,62,74
9421,63,74
9422,64,74
9429,71,74
9436,78,74
9437,79,74
9445,87,74
9535,177,74
9536,178,74
9545,187,74
9547,189,74
9555,197,74
9569,211,74
9595,237,74
9602,244,74
9605,247,74
9613,255,74
9614,256,74
9622,264,74
9637,279,74
9638,280,74
9654,4,75
9656,6,75
9658,8,75
9671,21,75
9689,39,75
9693,43,75
9711,61,75
9713,63,75
9728,78,75
9729,79,75
9742,92,75
9748,98,75
9760,110,75
9761,111,75
9763,113,75
9767,117,75
9771,121,75
9782,132,75
9792,142,75
9795,145,75
9804,154,75
9811,161,75
9812,162,75
9816,166,75
9822,172,75
9829,179,75
9848,198,75
9849,199,75
9854,204,75
9855,205,75
9865,215,75
9867,217,75
9874,224,75
9878,228,75
9895,245,75
9898,248,75
9902,252,75
9905,255,75
9917,267,75
9924,274,75
9925,275,75
9929,279,75
9930,280,75
9943,0,76
9958,15,76
9964,21,76
9990,47,76
10010,67,76
10014,71,76
10019,76,76
10033,90,76
10050,107,76
10053,110,76
10055,112,76
10059,116,76
10065,122,76
10077,134,76
10084,141,76
10085,142,76
10087,144,76
10089,146,76
10097,154,76
10110,167,76
10123,180,76
10126,183,76
10130,187,76
10157,214,76
10159,216,76
10167,224,76
10173,230,76
10238,295,76
10247,304,76
10255,1,77
10258,4,77
10271,17,77
10275,21,77
10302,48,77
10313,59,77
10315,61,77
10320,66,77
10334,80,77
10347,93,77
10355,101,77
10361,107,77
10372,118,77
10393,139,77
10402,148,77
10405,151,77
10411,157,77
10427,173,77
10432,178,77
10452,198,77
10456,202,77
10470,216,77
10474,220,77
10484,230,77
10487,233,77
10502,248,77
10508,254,77
10522,268,77
10524,270,77
10550,296,77
10568,2,78
10570,4,78
10574,8,78
10577,11,78
10583,17,78
10592,26,78
10593,27,78
10614,48,78
10643,77,78
10648,82,78
10652,86,78
10655,89,78
10674,108,78
10687,121,78
10689,123,78
10706,140,78
10709,143,78
10730,164,78
10759,193,78
10760,194,78
10766,200,78
10774,208,78
10776,210,78
10779,213,78
10787,221,78
10792,226,78
10793,227,78
10798,232,78
10800,234,78
10807,241,78
10811,245,78
10820,254,78
10837,271,78
10841,275,78
10878,312,78
10887,3,79
10892,8,79
10894,10,79
10898,14,79
10909,25,79
10912,28,79
10921,37,79
10926,42,79
10934,50,79
10938,54,79
10941,57,79
10945,61,79
10960,76,79
10974,90,79
10977,93,79
10980,96,79
10983,99,79
10995,111,79
11017,133,79
11023,139,79
11028,144,79
11033,149,79
11042,158,79
11045,161,79
11053,169,79
11064,180,79
11070,186,79
11071,187,79
11074,190,79
11089,205,79
11101,217,79
11111,227,79
11142,258,79
11146,262,79
11178,294,79
11203,0,80
11205,2,80
11207,4,80
11241,38,80
11243,40,80
11258,55,80
11273,70,80
11277,74,80
11279,76,80
11281,78,80
11290,87,80
11314,111,80
11326,123,80
11346,143,80
11347,144,80
11387,184,80
11417,214,80
11422,219,80
11424,221,80
11428,225,80
11431,228,80
11453,250,80
11461,258,80
11465,262,80
11474,271,80
11501,298,80
11502,299,80
11523,0,81
11532,9,81
11545,22,81
11551,28,81
11554,31,81
11556,33,81
11558,35,81
11562,39,81
11580,57,81
11591,68,81
11602,79,81
11613,90,81
11616,93,81
11620,97,81
11627,104,81
11629,106,81
11631,108,81
11654,131,81
11657,134,81
11661,138,81
11662,139,81
11688,165,81
11697,174,81
11704,181,81
11714,191,81
11716,193,81
11719,196,81
11739,216,81
11757,234,81
11764,241,81
11768,245,81
11777,254,81
11781,258,81
11788,265,81
11805,282,81
11811,288,81
11833,310,81
11835,312,81
11836,313,81
11841,318,81
11845,322,81
11855,0,82
11868,13,82
11894,39,82
11902,47,82
11909,54,82
11916,61,82
11917,62,82
11928,73,82
11930,75,82
11939,84,82
11951,96,82
11965,110,82
11978,123,82
11981,126,82
11982,127,82
11984,129,82
11986,131,82
11992,137,82
12006,151,82
12033,178,82
12051,196,82
12063,208,82
12084,229,82
12095,240,82
12106,251,82
12116,261,82
12148,293,82
12171,316,82
12173,318,82
12201,6,83
12212,17,83
12215,20,83
12246,51,83
12252,57,83
12253,58,83
12263,68,83
12282,87,83
12288,93,83
12307,112,83
12346,151,83
12360,165,83
12376,181,83
12391,196,83
12423,228,83
12437,242,83
12442,247,83
12448,253,83
12463,268,83
12466,271,83
12468,273,83
12488,293,83
12494,299,83
12511,316,83
12512,317,83
12520,325,83
12522,327,83
12526,331,83
12527,332,83
12534,339,83
12542,5,84
12543,6,84
12552,15,84
12557,20,84
12560,23,84
12592,55,84
12626,89,84
12634,97,84
12635,98,84
12641,104,84
12645,108,84
12654,117,84
12673,136,84
12675,138,84
12679,142,84
12692,155,84
12704,167,84
12716,179,84
12727,190,84
12733,196,84
12738,201,84
12740,203,84
12747,210,84
12777,240,84
12780,243,84
12781,244,84
12784,247,84
12787,250,84
12811,274,84
12831,294,84
12834,297,84
12840,303,84
12844,307,84
12846,309,84
12847,310,84
12859,322,84
12877,340,84
12881,344,84
12917,33,85
12938,54,85
12940,56,85
12950,66,85
12952,68,85
12966,82,85
12975,91,85
12998,114,85
13001,117,85
13005,121,85
13011,127,85
13020,136,85
13023,139,85
13030,146,85
13034,150,85
13037,153,85
13062,178,85
13065,181,85
13092,208,85
13103,219,85
13113,229,85
13116,232,85
13119,235,85
13137,253,85
13144,260,85
13145,261,85
13157,273,85
13175,291,85
13177,293,85
13189,305,85
13217,333,85
13221,337,85
13222,338,85
13223,339,85
13230,346,85
13235,351,85
13239,355,85
13245,361,85
13259,12,86
13269,22,86
13286,39,86
13291,44,86
13301,54,86
13306,59,86
13307,60,86
13319,72,86
13324,77,86
13346,99,86
13349,102,86
13350,103,86
13361,114,86
13364,117,86
13367,120,86
13380,133,86
13390,143,86
13394,147,86
13405,158,86
13424,177,86
13433,186,86
13452,205,86
13470,223,86
13481,234,86
13484,237,86
13507,260,86
13508,261,86
13523,276,86
13525,278,86
13528,281,86
13531,284,86
13550,303,86
13558,311,86
13564,317,86
13584,337,86
13608,361,86
13610,363,86
13611,364,86
13628,11,87
13631,14,87
13634,17,87
13638,21,87
13643,26,87
13650,33,87
13655,38,87
13665,48,87
13667,50,87
13673,56,87
13674,57,87
13675,58,87
13704,87,87
13713,96,87
13716,99,87
13728,111,87
13750,133,87
13762,145,87
13773,156,87
13790,173,87
13800,183,87
13816,199,87
13822,205,87
13823,206,87
13828,211,87
13834,217,87
13853,236,87
13854,237,87
13859,242,87
13860,243,87
13881,264,87
13890,273,87
13892,275,87
13894,277,87
13897,280,87
13923,306,87
13924,307,87
13938,321,87
13946,329,87
13953,336,87
13971,354,87
13976,359,87
13979,362,87
13991,1,88
13992,2,88
13996,6,88
14003,13,88
14007,17,88
14014,24,88
14017,27,88
14019,29,88
14024,34,88
14046,56,88
14048,58,88
14054,64,88
14061,71,88
14069,79,88
14075,85,88
14095,105,88
14118,128,88
14131,141,88
14144,154,88
14148,158,88
14151,161,88
14156,166,88
14168,178,88
14174,184,88
14177,187,88
14181,191,88
14184,194,88
14223,233,88
14245,255,88
14270,280,88
14294,304,88
14297,307,88
14299,309,88
14306,316,88
14307,317,88
14321,331,88
14342,352,88
14358,368,88
14370,4,89
14399,33,89
14409,43,89
14428,62,89
14429,63,89
14433,67,89
14435,69,89
14454,88,89
14464,98,89
14473,107,89
14478,112,89
14488,122,89
14494,128,89
14510,144,89
14533,167,89
14538,172,89
14542,176,89
14545,179,89
14562,196,89
14575,209,89
14588,222,89
14593,227,89
14606,240,89
14607,241,89
14609,243,89
14611,245,89
14616,250,89
14621,255,89
14623,257,89
14627,261,89
14629,263,89
14636,270,89
14650,284,89
14656,290,89
14664,298,89
14669,303,89
14674,308,89
14675,309,89
14697,331,89
14731,365,89
14733,367,89
14747,4,90
14749,6,90
14776,33,90
14781,38,90
14785,42,90
14794,51,90
14801,58,90
14807,64,90
14826,83,90
14838,95,90
14841,98,90
14846,103,90
14855,112,90
14862,119,90
14872,129,90
14885,142,90
14895,152,90
14903,160,90
14907,164,90
14923,180,90
14925,182,90
14928,185,90
14933,190,90
14943,200,90
14952,209,90
14975,232,90
14988,245,90
14990,247,90
14997,254,90
15006,263,90
15014,271,90
15024,281,90
15049,306,90
15063,320,90
15066,323,90
15069,326,90
15072,329,90
15074,331,90
15077,334,90
15083,340,90
15102,359,90
15104,361,90
15108,365,90
15120,377,90
15123,380,90
15127,384,90
15134,3,91
15147,16,91
15155,24,91
15161,30,91
15178,47,91
15198,67,91
15217,86,91
15224,93,91
15244,113,91
15252,121,91
15255,124,91
15256,125,91
15257,126,91
15270,139,91
15271,140,91
15275,144,91
15281,150,91
15303,172,91
15314,183,91
15338,207,91
15343,212,91
15356,225,91
15367,236,91
15393,262,91
15411,280,91
15418,287,91
15421,290,91
15438,307,91
15455,324,91
15469,338,91
15471,340,91
15481,350,91
15493,362,91
15506,375,91
15508,377,91
15516,385,91
15525,394,91
15526,395,91
15539,11,92
15540,12,92
15554,26,92
15567,39,92
15574,46,92
15610,82,92
15613,85,92
15617,89,92
15636,108,92
15664,136,92
15670,142,92
15674,146,92
15676,148,92
15680,152,92
15693,165,92
15697,169,92
15706,178,92
15723,195,92
15732,204,92
15753,225,92
15768,240,92
15782,254,92
15788,260,92
15801,273,92
15804,276,92
15806,278,92
15810,282,92
15813,285,92
15859,331,92
15865,337,92
15873,345,92
15893,365,92
15902,374,92
15923,395,92
15936,8,93
15940,12,93
15941,13,93
15955,27,93
15963,35,93
15974,46,93
15987,59,93
15992,64,93
15994,66,93
16008,80,93
16018,90,93
16020,92,93
16028,100,93
16042,114,93
16062,134,93
16074,146,93
16079,151,93
16083,155,93
16101,173,93
16104,176,93
16105,177,93
16110,182,93
16121,193,93
16131,203,93
16147,219,93
16154,226,93
16171,243,93
16191,263,93
16197,269,93
16212,284,93
16213,285,93
16215,287,93
16216,288,93
16231,303,93
16240,312,93
16247,319,93
16256,328,93
16270,342,93
16275,347,93
16283,355,93
16291,363,93
16297,369,93
16306,378,93
16313,385,93
16316,388,93
16328,400,93
16333,4,94
16359,30,94
16367,38,94
16393,64,94
16395,66,94
16397,68,94
16401,72,94
16402,73,94
16407,78,94
16410,81,94
16416,87,94
16419,90,94
16425,96,94
16428,99,94
16444,115,94
16462,133,94
16490,161,94
16491,162,94
16506,177,94
16509,180,94
16514,185,94
16521,192,94
16523,194,94
16529,200,94
16534,205,94
16535,206,94
16560,231,94
16562,233,94
16574,245,94
16588,259,94
16598,269,94
16606,277,94
16617,288,94
16619,290,94
16631,302,94
16634,305,94
16641,312,94
16650,321,94
16651,322,94
16660,331,94
16670,341,94
16690,361,94
16695,366,94
16697,368,94
16726,397,94
16728,399,94
16732,403,94
16748,12,95
16749,13,95
16761,25,95
16778,42,95
16785,49,95
16787,51,95
16793,57,95
16795,59,95
16815,79,95
16816,80,95
16834,98,95
16835,99,95
16841,105,95
16843,107,95
16872,136,95
16879,143,95
16882,146,95
16895,159,95
16896,160,95
16914,178,95
16926,190,95
16945,209,95
16970,234,95
16982,246,95
16988,252,95
17003,267,95
17005,269,95
17008,272,95
17035,299,95
17041,305,95
17043,307,95
17063,327,95
17075,339,95
17079,343,95
17092,356,95
17099,363,95
17102,366,95
17107,371,95
17111,375,95
17126,390,95
17158,7,96
17163,12,96
17180,29,96
17188,37,96
17193,42,96
17203,52,96
17216,65,96
17219,68,96
17251,100,96
17252,101,96
17265,114,96
17274,123,96
17278,127,96
17282,131,96
17285,134,96
17291,140,96
17303,152,96
17314,163,96
17328,177,96
17333,182,96
17342,191,96
17344,193,96
17345,194,96
17350,199,96
17352,201,96
17369,218,96
17371,220,96
17381,230,96
17383,232,96
17405,254,96
17428,277,96
17447,296,96
17449,298,96
17455,304,96
17459,308,96
17481,330,96
17498,347,96
17511,360,96
17514,363,96
17517,366,96
17538,387,96
17544,393,96
17546,395,96
17578,7,97
17596,25,97
17600,29,97
17601,30,97
17611,40,97
17613,42,97
17618,47,97
17652,81,97
17654,83,97
17685,114,97
17689,118,97
17691,120,97
17695,124,97
17703,132,97
17714,143,97
17723,152,97
17726,155,97
17729,158,97
17731,160,97
17733,162,97
17739,168,97
17744,173,97
17748,177,97
17750,179,97
17755,184,97
17786,215,97
17795,224,97
17798,227,97
17809,238,97
17823,252,97
17832,261,97
17849,278,97
17864,293,97
17868,297,97
17871,300,97
17881,310,97
17888,317,97
17889,318,97
17893,322,97
17903,332,97
17904,333,97
17908,337,97
17914,343,97
17917,346,97
17923,352,97
17927,356,97
17955,384,97
17979,408,97
17994,423,97
18020,6,98
18044,30,98
18068,54,98
18074,60,98
18083,69,98
18102,88,98
18104,90,98
18107,93,98
18110,96,98
18113,99,98
18122,108,98
18124,110,98
18133,119,98
18146,132,98
18151,137,98
18173,159,98
18175,161,98
18181,167,98
18193,179,98
18195,181,98
18206,192,98
18214,200,98
18215,201,98
18216,202,98
18226,212,98
18231,217,98
18232,218,98
18234,220,98
18241,227,98
18245,231,98
18258,244,98
18280,266,98
18285,271,98
18296,282,98
18314,300,98
18325,311,98
18332,318,98
18334,320,98
18340,326,98
18341,327,98
18393,379,98
18406,392,98
18415,401,98
18423,409,98
18436,422,98
18440,426,98
18473,12,99
18497,36,99
18505,44,99
18507,46,99
18509,48,99
18522,61,99
18523,62,99
18524,63,99
18526,65,99
18529,68,99
18534,73,99
18563,102,99
18573,112,99
18591,130,99
18600,139,99
18604,143,99
18606,145,99
18611,150,99
18612,151,99
18644,183,99
18668,207,99
18670,209,99
18704,243,99
18713,252,99
18720,259,99
18722,261,99
18739,278,99
18764,303,99
18780,319,99
18794,333,99
18795,334,99
18800,339,99
18802,341,99
18817,356,99
18820,359,99
18829,368,99
18831,370,99
18845,384,99
18847,386,99
18852,391,99
18853,392,99
18858,397,99
18864,403,99
18867,406,99
18878,417,99
18892,431,99
18899,438,99
18909,448,99
18914,453,99
18922,461,99
18927,4,100
18931,8,100
18932,9,100
18937,14,100
18990,67,100
19003,80,100
19021,98,100
19024,101,100
19029,106,100
19043,120,100
19050,127,100
19054,131,100
19059,136,100
19062,139,100
19063,140,100
19070,147,100
19082,159,100
19090,167,100
19099,176,100
19112,189,100
19114,191,100
19115,192,100
19117,194,100
19127,204,100
19130,207,100
19146,223,100
19148,225,100
19173,250,100
19177,254,100
19182,259,100
19191,268,100
19197,274,100
19219,296,100
19262,339,100
19266,343,100
19272,349,100
19279,356,100
19285,362,100
19295,372,100
19307,384,100
19319,396,100
19336,413,100
19340,417,100
19344,421,100
19369,446,100
19373,450,100
19383,460,100
19385,462,100
19395,5,101
19397,7,101
19406,16,101
19411,21,101
19415,25,101
19434,44,101
19491,101,101
19505,115,101
19512,122,101
19515,125,101
19528,138,101
19544,154,101
19548,158,101
19549,159,101
19565,175,101
19581,191,101
19585,195,101
19626,236,101
19628,238,101
19638,248,101
19647,257,101
19650,260,101
19657,267,101
19658,268,101
19659,269,101
19660,270,101
19665,275,101
19667,277,101
19676,286,101
19680,290,101
19690,300,101
19699,309,101
19700,310,101
19707,317,101
19724,334,101
19747,357,101
19759,369,101
19786,396,101
19795,405,101
19807,417,101
19814,424,101
19821,431,101
19827,437,101
19831,441,101
19835,445,101
19836,446,101
19838,448,101
19841,451,101
19862,1,102
19873,12,102
19885,24,102
19889,28,102
19903,42,102
19907,46,102
19917,56,102
19920,59,102
19923,62,102
19925,64,102
19926,65,102
19928,67,102
19941,80,102
19952,91,102
19959,98,102
19966,105,102
19978,117,102
19988,127,102
19995,134,102
20001,140,102
20007,146,102
20032,171,102
20035,174,102
20062,201,102
20075,214,102
20078,217,102
20097,236,102
20111,250,102
20128,267,102
20137,276,102
20164,303,102
20203,342,102
20204,343,102
20216,355,102
20225,364,102
20235,374,102
20238,377,102
20241,380,102
20245,384,102
20259,398,102
20261,400,102
20267,406,102
20273,412,102
20283,422,102
20301,440,102
20311,450,102
20316,455,102
20317,456,102
20321,460,102
20338,477,102
20343,3,103
20356,16,103
20358,18,103
20361,21,103
20371,31,103
20373,33,103
20378,38,103
20412,72,103
20424,84,103
20439,99,103
20452,112,103
20454,114,103
20483,143,103
20493,153,103
20496,156,103
20511,171,103
20512,172,103
20522,182,103
20526,186,103
20528,188,103
20548,208,103
20552,212,103
20560,220,103
20564,224,103
20566,226,103
20570,230,103
20574,234,103
20590,250,103
20597,257,103
20608,268,103
20625,285,103
20640,300,103
20654,314,103
20667,327,103
20677,337,103
20678,338,103
20711,371,103
20716,376,103
20717,377,103
20720,380,103
20732,392,103
20737,397,103
20746,406,103
20764,424,103
20767,427,103
20773,433,103
20782,442,103
20792,452,103
20803,463,103
20810,470,103
20813,473,103
20829,9,104
20832,12,104
20841,21,104
20855,35,104
20857,37,104
20859,39,104
20873,53,104
20876,56,104
20877,57,104
20878,58,104
20879,59,104
20891,71,104
20902,82,104
20912,92,104
20913,93,104
20921,101,104
20924,104,104
20946,126,104
20957,137,104
20963,143,104
20982,162,104
20985,165,104
21013,193,104
21038,218,104
21041,221,104
21047,227,104
21048,228,104
21064,244,104
21070,250,104
21085,265,104
21117,297,104
21121,301,104
21133,313,104
21136,316,104
21147,327,104
21150,330,104
21152,332,104
21178,358,104
21179,359,104
21192,372,104
21196,376,104
21218,398,104
21225,405,104
21238,418,104
21242,422,104
21272,452,104
21275,455,104
21288,468,104
21292,472,104
21296,476,104
21330,27,105
21332,29,105
21341,38,105
21357,54,105
21363,60,105
21366,63,105
21375,72,105
21381,78,105
21402,99,105
21417,114,105
21423,120,105
21424,121,105
21438,135,105
21439,136,105
21455,152,105
21470,167,105
21477,174,105
21480,177,105
21498,195,105
21520,217,105
21531,228,105
21536,233,105
21542,239,105
21557,254,105
21570,267,105
21588,285,105
21595,292,105
21617,314,105
21623,320,105
21626,323,105
21650,347,105
21651,348,105
21665,362,105
21677,374,105
21683,380,105
21690,387,105
21696,393,105
21697,394,105
21704,401,105
21714,411,105
21728,425,105
21738,435,105
21742,439,105
21748,445,105
21757,454,105
21771,468,105
21777,474,105
21780,477,105
21796,9,106
21800,13,106
21815,28,106
21816,29,106
21821,34,106
21829,42,106
21836,49,106
21846,59,106
21852,65,106
21863,76,106
21865,78,106
21876,89,106
21897,110,106
21908,121,106
21916,129,106
21921,134,106
21930,143,106
21947,160,106
21961,174,106
21963,176,106
21966,179,106
21968,181,106
21970,183,106
22020,233,106
22042,255,106
22059,272,106
22081,294,106
22088,301,106
22090,303,106
22095,308,106
22106,319,106
22130,343,106
22137,350,106
22141,354,106
22148,361,106
22153,366,106
22174,387,106
22175,388,106
22176,389,106
22188,401,106
22189,402,106
22211,424,106
22212,425,106
22218,431,106
22231,444,106
22233,446,106
22240,453,106
22250,463,106
22260,473,106
22301,23,107
22324,46,107
22329,51,107
22343,65,107
22348,70,107
22370,92,107
22371,93,107
22379,101,107
22381,103,107
22384,106,107
22405,127,107
22410,132,107
22416,138,107
22444,166,107
22448,170,107
22475,197,107
22479,201,107
22486,208,107
22509,231,107
22521,243,107
22535,257,107
22550,272,107
22586,308,107
22587,309,107
22608,330,107
22628,350,107
22634,356,107
22636,358,107
22646,368,107
22651,373,107
22669,391,107
22676,398,107
22688,410,107
22689,411,107
22709,431,107
22731,453,107
22738,460,107
22769,491,107
22773,495,107
22777,499,107
22780,502,107
22794,11,108
22808,25,108
22814,31,108
22830,47,108
22862,79,108
22868,85,108
22877,94,108
22901,118,108
22902,119,108
22925,142,108
22966,183,108
22980,197,108
22982,199,108
22999,216,108
23001,218,108
23004,221,108
23006,223,108
23033,250,108
23037,254,108
23038,255,108
23048,265,108
23052,269,108
23056,273,108
23066,283,108
23083,300,108
23087,304,108
23088,305,108
23121,338,108
23128,345,108
23186,403,108
23191,408,108
23192,409,108
23202,419,108
23203,420,108
23246,463,108
23254,471,108
23257,474,108
23263,480,108
23264,481,108
23282,499,108
23312,18,109
23316,22,109
23323,29,109
23325,31,109
23329,35,109
23338,44,109
23364,70,109
23367,73,109
23376,82,109
23379,85,109
23405,111,109
23409,115,109
23412,118,109
23420,126,109
23440,146,109
23464,170,109
23485,191,109
23495,201,109
23503,209,109
23507,213,109
23536,242,109
23551,257,109
23588,294,109
23607,313,109
23608,314,109
23614,320,109
23615,321,109
23618,324,109
23629,335,109
23659,365,109
23672,378,109
23685,391,109
23695,401,109
23714,420,109
23716,422,109
23733,439,109
23747,453,109
23791,497,109
23795,501,109
23805,511,109
23820,14,110
23834,28,110
23839,33,110
23858,52,110
23873,67,110
23939,133,110
23943,137,110
23954,148,110
24002,196,110
24006,200,110
24008,202,110
24030,224,110
24038,232,110
24066,260,110
24067,261,110
24083,277,110
24087,281,110
24089,283,110
24095,289,110
24109,303,110
24133,327,110
24152,346,110
24160,354,110
24168,362,110
24169,363,110
24170,364,110
24175,369,110
24188,382,110
24192,386,110
24208,402,110
24211,405,110
24228,422,110
24233,427,110
24234,428,110
24235,429,110
24242,436,110
24258,452,110
24276,470,110
24283,477,110
24284,478,110
24287,481,110
24295,489,110
24323,517,110
24324,518,110
24328,522,110
24338,2,111
24341,5,111
24360,24,111
24371,35,111
24377,41,111
24397,61,111
24436,100,111
24446,110,111
24451,115,111
24455,119,111
24460,124,111
24474,138,111
24487,151,111
24499,163,111
24510,174,111
24512,176,111
24523,187,111
24529,193,111
24536,200,111
24582,246,111
24599,263,111
24646,310,111
24649,313,111
24663,327,111
24666,330,111
24669,333,111
24670,334,111
24671,335,111
24673,337,111
24679,343,111
24696,360,111
24706,370,111
24707,371,111
24708,372,111
24713,377,111
24721,385,111
24735,399,111
24737,401,111
24789,453,111
24801,465,111
24813,477,111
24832,496,111
24843,507,111
24845,509,111
24856,520,111
24868,0,112
24871,3,112
24896,28,112
24898,30,112
24910,42,112
24946,78,112
24956,88,112
24977,109,112
24986,118,112
24997,129,112
25005,137,112
25022,154,112
25046,178,112
25075,207,112
25080,212,112
25081,213,112
25104,236,112
25107,239,112
25112,244,112
25120,252,112
25125,257,112
25129,261,112
25143,275,112
25174,306,112
25182,314,112
25190,322,112
25198,330,112
25200,332,112
25202,334,112
25210,342,112
25230,362,112
25232,364,112
25271,403,112
25277,409,112
25282,414,112
25310,442,112
25317,449,112
25329,461,112
25345,477,112
25349,481,112
25354,486,112
25355,487,112
25370,502,112
25374,506,112
25397,529,112
25403,535,112
25416,2,113
25422,8,113
25430,16,113
25434,20,113
25456,42,113
25475,61,113
25478,64,113
25485,71,113
25499,85,113
25513,99,113
25523,109,113
25532,118,113
25540,126,113
25552,138,113
25557,143,113
25571,157,113
25587,173,113
25606,192,113
25611,197,113
25650,236,113
25653,239,113
25671,257,113
25677,263,113
25683,269,113
25688,274,113
25692,278,113
25700,286,113
25713,299,113
25728,314,113
25746,332,113
25755,341,113
25762,348,113
25777,363,113
25779,365,113
25786,372,113
25796,382,113
25797,383,113
25798,384,113
25806,392,113
25808,394,113
25810,396,113
25835,421,113
25837,423,113
25841,427,113
25842,428,113
25846,432,113
25870,456,113
25871,457,113
25874,460,113
25885,471,113
25886,472,113
25896,482,113
25899,485,113
25902,488,113
25903,489,113
25907,493,113
25908,494,113
25918,504,113
25921,507,113
25922,508,113
25936,522,113
25941,527,113
25953,539,113
25966,552,113
25969,0,114
25975,6,114
25981,12,114
25997,28,114
26005,36,114
26014,45,114
26039,70,114
26055,86,114
26066,97,114
26068,99,114
26073,104,114
26082,113,114
26089,120,114
26093,124,114
26101,132,114
26104,135,114
26105,136,114
26117,148,114
26127,158,114
26147,178,114
26165,196,114
26172,203,114
26183,214,114
26192,223,114
26195,226,114
26219,250,114
26226,257,114
26229,260,114
26232,263,114
26239,270,114
26262,293,114
26268,299,114
26273,304,114
26278,309,114
26290,321,114
26293,324,114
26296,327,114
26299,330,114
26301,332,114
26302,333,114
26332,363,114
26333,364,114
26337,368,114
26339,370,114
26340,371,114
26358,389,114
26373,404,114
26377,408,114
26378,409,114
26380,411,114
26405,436,114
26411,442,114
26413,444,114
26414,445,114
26433,464,114
26449,480,114
26465,496,114
26466,497,114
26494,525,114
26498,529,114
26511,542,114
26523,554,114
26549,24,115
26561,36,115
26565,40,115
26576,51,115
26579,54,115
26585,60,115
26607,82,115
26614,89,115
26624,99,115
26628,103,115
26642,117,115
26657,132,115
26658,133,115
26670,145,115
26674,149,115
26685,160,115
26687,162,115
26711,186,115
26713,188,115
26715,190,115
26724,199,115
26754,229,115
26758,233,115
26796,271,115
26814,289,115
26829,304,115
26840,315,115
26850,325,115
26855,330,115
26875,350,115
26883,358,115
26891,366,115
26896,371,115
26900,375,115
26901,376,115
26907,382,115
26921,396,115
26930,405,115
26937,412,115
26938,413,115
26942,417,115
26949,424,115
26955,430,115
26958,433,115
26963,438,115
26974,449,115
26975,450,115
26979,454,115
26983,458,115
26990,465,115
26991,466,115
26993,468,115
27022,497,115
27023,498,115
27039,514,115
27052,527,115
27071,546,115
27076,551,115
27084,2,116
27085,3,116
27097,15,116
27099,17,116
27103,21,116
27105,23,116
27114,32,116
27123,41,116
27129,47,116
27140,58,116
27150,68,116
27152,70,116
27162,80,116
27176,94,116
27189,107,116
27241,159,116
27265,183,116
27305,223,116
27315,233,116
27323,241,116
27329,247,116
27338,256,116
27345,263,116
27355,273,116
27367,285,116
27376,294,116
27383,301,116
27399,317,116
27403,321,116
27407,325,116
27438,356,116
27440,358,116
27452,370,116
27453,371,116
27460,378,116
27465,383,116
27469,387,116
27471,389,116
27498,416,116
27514,432,116
27527,445,116
27537,455,116
27538,456,116
27544,462,116
27550,468,116
27557,475,116
27564,482,116
27571,489,116
27572,490,116
27636,554,116
27662,20,117
27669,27,117
27670,28,117
27677,35,117
27689,47,117
27694,52,117
27724,82,117
27727,85,117
27732,90,117
27734,92,117
27747,105,117
27763,121,117
27771,129,117
27778,136,117
27785,143,117
27792,150,117
27794,152,117
27806,164,117
27839,197,117
27845,203,117
27852,210,117
27870,228,117
27938,296,117
27941,299,117
27948,306,117
27988,346,117
28022,380,117
28032,390,117
28049,407,117
28067,425,117
28089,447,117
28096,454,117
28106,464,117
28108,466,117
28119,477,117
28121,479,117
28171,529,117
28177,535,117
28178,536,117
28180,538,117
28201,559,117
28204,562,117
28210,568,117
28214,572,117
28217,575,117
28227,4,118
28238,15,118
28244,21,118
28248,25,118
28260,37,118
28265,42,118
28301,78,118
28304,81,118
28317,94,118
28341,118,118
28342,119,118
28361,138,118
28364,141,118
28371,148,118
28377,154,118
28379,156,118
28382,159,118
28389,166,118
28399,176,118
28412,189,118
28425,202,118
28434,211,118
28441,218,118
28450,227,118
28456,233,118
28463,240,118
28464,241,118
28467,244,118
28484,261,118
28486,263,118
28500,277,118
28504,281,118
28526,303,118
28532,309,118
28538,315,118
28539,316,118
28541,318,118
28544,321,118
28548,325,118
28554,331,118
28567,344,118
28586,363,118
28600,377,118
28603,380,118
28609,386,118
28615,392,118
28629,406,118
28630,407,118
28662,439,118
28683,460,118
28689,466,118
28692,469,118
28717,494,118
28793,570,118
28801,578,118
28805,0,119
28806,1,119
28818,13,119
28822,17,119
28825,20,119
28829,24,119
28832,27,119
28838,33,119
28840,35,119
28844,39,119
28860,55,119
28865,60,119
28870,65,119
28875,70,119
28883,78,119
28886,81,119
28893,88,119
28905,100,119
28909,104,119
28933,128,119
28944,139,119
28972,167,119
28974,169,119
28994,189,119
29006,201,119
29031,226,119
29032,227,119
29035,230,119
29037,232,119
29039,234,119
29042,237,119
29050,245,119
29052,247,119
29053,248,119
29082,277,119
29087,282,119
29088,283,119
29092,287,119
29117,312,119
29124,319,119
29143,338,119
29144,339,119
29162,357,119
29174,369,119
29180,375,119
29209,404,119
29210,405,119
29218,413,119
29220,415,119
29222,417,119
29225,420,119
29253,448,119
29259,454,119
29264,459,119
29271,466,119
29282,477,119
29283,478,119
29295,490,119
29308,503,119
29311,506,119
29325,520,119
29337,532,119
29353,548,119
29356,551,119
29362,557,119
29370,565,119
29382,577,119
29402,2,120
29404,4,120
29423,23,120
29425,25,120
29438,38,120
29453,53,120
29463,63,120
29491,91,120
29495,95,120
29508,108,120
29516,116,120
29537,137,120
29538,138,120
29543,143,120
29556,156,120
29559,159,120
29566,166,120
29567,167,120
29577,177,120
29598,198,120
29604,204,120
29606,206,120
29610,210,120
29615,215,120
29616,216,120
29624,224,120
29626,226,120
29639,239,120
29641,241,120
29646,246,120
29649,249,120
29653,253,120
29660,260,120
29667,267,120
29697,297,120
29703,303,120
29714,314,120
29727,327,120
29741,341,120
29743,343,120
29745,345,120
29748,348,120
29776,376,120
29777,377,120
29795,395,120
29834,434,120
29837,437,120
29841,441,120
29858,458,120
29863,463,120
29864,464,120
29865,465,120
29904,504,120
29910,510,120
29919,519,120
29949,549,120
29953,553,120
29961,561,120
29989,589,120
29990,590,120
29991,591,120
29999,599,120
