2,0,0
3,1,0
5,1,1
7,0,2
11,4,2
13,1,3
17,5,3
19,0,4
23,4,4
29,10,4
31,1,5
37,7,5
41,11,5
43,0,6
47,4,6
53,10,6
59,16,6
61,1,7
67,7,7
71,11,7
73,13,7
79,0,8
83,4,8
89,10,8
97,18,8
101,22,8
103,1,9
107,5,9
109,7,9
113,11,9
127,25,9
131,0,10
137,6,10
139,8,10
149,18,10
151,20,10
157,26,10
163,1,11
167,5,11
173,11,11
179,17,11
181,19,11
191,29,11
193,31,11
197,35,11
199,0,12
211,12,12
223,24,12
227,28,12
229,30,12
233,34,12
239,40,12
241,1,13
251,11,13
257,17,13
263,23,13
269,29,13
271,31,13
277,37,13
281,41,13
283,0,14
293,10,14
307,24,14
311,28,14
313,30,14
317,34,14
331,1,15
337,7,15
347,17,15
349,19,15
353,23,15
359,29,15
367,37,15
373,43,15
379,49,15
383,0,16
389,6,16
397,14,16
401,18,16
409,26,16
419,36,16
421,38,16
431,48,16
433,50,16
439,56,16
443,1,17
449,7,17
457,15,17
461,19,17
463,21,17
467,25,17
479,37,17
487,45,17
491,49,17
499,57,17
503,0,18
509,6,18
521,18,18
523,20,18
541,38,18
547,44,18
557,54,18
563,60,18
569,66,18
571,1,19
577,7,19
587,17,19
593,23,19
599,29,19
601,31,19
607,37,19
613,43,19
617,47,19
619,49,19
631,61,19
641,0,20
643,2,20
647,6,20
653,12,20
659,18,20
661,20,20
673,32,20
677,36,20
683,42,20
691,50,20
701,60,20
709,68,20
719,5,21
727,13,21
733,19,21
739,25,21
743,29,21
751,37,21
757,43,21
761,47,21
769,55,21
773,59,21
787,73,21
797,4,22
809,16,22
811,18,22
821,28,22
823,30,22
827,34,22
829,36,22
839,46,22
853,60,22
857,64,22
859,66,22
863,70,22
877,1,23
881,5,23
883,7,23
887,11,23
907,31,23
911,35,23
919,43,23
929,53,23
937,61,23
941,65,23
947,71,23
953,77,23
967,2,24
971,6,24
977,12,24
983,18,24
991,26,24
997,32,24
1009,44,24
1013,48,24
1019,54,24
1021,56,24
1031,66,24
1033,68,24
1039,74,24
1049,84,24
1051,86,24
1061,96,24
1063,1,25
1069,7,25
1087,25,25
1091,29,25
1093,31,25
1097,35,25
1103,41,25
1109,47,25
1117,55,25
1123,61,25
1129,67,25
1151,89,25
1153,91,25
1163,0,26
1171,8,26
1181,18,26
1187,24,26
1193,30,26
1201,38,26
1213,50,26
1217,54,26
1223,60,26
1229,66,26
1231,68,26
1237,74,26
1249,86,26
1259,96,26
1277,11,27
1279,13,27
1283,17,27
1289,23,27
1291,25,27
1297,31,27
1301,35,27
1303,37,27
1307,41,27
1319,53,27
1321,55,27
1327,61,27
1361,95,27
1367,101,27
1373,0,28
1381,8,28
1399,26,28
1409,36,28
1423,50,28
1427,54,28
1429,56,28
1433,60,28
1439,66,28
1447,74,28
1451,78,28
1453,80,28
1459,86,28
1471,98,28
1481,108,28
1483,1,29
1487,5,29
1489,7,29
1493,11,29
1499,17,29
1511,29,29
1523,41,29
1531,49,29
1543,61,29
1549,67,29
1553,71,29
1559,77,29
1567,85,29
1571,89,29
1579,97,29
1583,101,29
1597,2,30
1601,6,30
1607,12,30
1609,14,30
1613,18,30
1619,24,30
1621,26,30
1627,32,30
1637,42,30
1657,62,30
1663,68,30
1667,72,30
1669,74,30
1693,98,30
1697,102,30
1699,104,30
1709,114,30
1721,126,30
1723,1,31
1733,11,31
1741,19,31
1747,25,31
1753,31,31
1759,37,31
1777,55,31
1783,61,31
1787,65,31
1789,67,31
1801,79,31
1811,89,31
1823,101,31
1831,109,31
1847,125,31
1861,8,32
1867,14,32
1871,18,32
1873,20,32
1877,24,32
1879,26,32
1889,36,32
1901,48,32
1907,54,32
1913,60,32
1931,78,32
1933,80,32
1949,96,32
1951,98,32
1973,120,32
1979,126,32
1987,134,32
1993,3,33
1997,7,33
1999,9,33
2003,13,33
2011,21,33
2017,27,33
2027,37,33
2029,39,33
2039,49,33
2053,63,33
2063,73,33
2069,79,33
2081,91,33
2083,93,33
2087,97,33
2089,99,33
2099,109,33
2111,121,33
2113,123,33
2129,0,34
2131,2,34
2137,8,34
2141,12,34
2143,14,34
2153,24,34
2161,32,34
2179,50,34
2203,74,34
2207,78,34
2213,84,34
2221,92,34
2237,108,34
2239,110,34
2243,114,34
2251,122,34
2267,138,34
2269,140,34
2273,144,34
2281,3,35
2287,9,35
2293,15,35
2297,19,35
2309,31,35
2311,33,35
2333,55,35
2339,61,35
2341,63,35
2347,69,35
2351,73,35
2357,79,35
2371,93,35
2377,99,35
2381,103,35
2383,105,35
2389,111,35
2393,115,35
2399,121,35
2411,133,35
2417,139,35
2423,145,35
2437,8,36
2441,12,36
2447,18,36
2459,30,36
2467,38,36
2473,44,36
2477,48,36
2503,74,36
2521,92,36
2531,102,36
2539,110,36
2543,114,36
2549,120,36
2551,122,36
2557,128,36
2579,150,36
2591,5,37
2593,7,37
2609,23,37
2617,31,37
2621,35,37
2633,47,37
2647,61,37
2657,71,37
2659,73,37
2663,77,37
2671,85,37
2677,91,37
2683,97,37
2687,101,37
2689,103,37
2693,107,37
2699,113,37
2707,121,37
2711,125,37
2713,127,37
2719,133,37
2729,143,37
2731,145,37
2741,155,37
2749,0,38
2753,4,38
2767,18,38
2777,28,38
2789,40,38
2791,42,38
2797,48,38
2801,52,38
2803,54,38
2819,70,38
2833,84,38
2837,88,38
2843,94,38
2851,102,38
2857,108,38
2861,112,38
2879,130,38
2887,138,38
2897,148,38
2903,154,38
2909,160,38
2917,1,39
2927,11,39
2939,23,39
2953,37,39
2957,41,39
2963,47,39
2969,53,39
2971,55,39
2999,83,39
3001,85,39
3011,95,39
3019,103,39
3023,107,39
3037,121,39
3041,125,39
3049,133,39
3061,145,39
3067,151,39
3079,163,39
3083,167,39
3089,0,40
3109,20,40
3119,30,40
3121,32,40
3137,48,40
3163,74,40
3167,78,40
3169,80,40
3181,92,40
3187,98,40
3191,102,40
3203,114,40
3209,120,40
3217,128,40
3221,132,40
3229,140,40
3251,162,40
3253,164,40
3257,168,40
3259,170,40
3271,3,41
3299,31,41
3301,33,41
3307,39,41
3313,45,41
3319,51,41
3323,55,41
3329,61,41
3331,63,41
3343,75,41
3347,79,41
3359,91,41
3361,93,41
3371,103,41
3373,105,41
3389,121,41
3391,123,41
3407,139,41
3413,145,41
3433,165,41
3449,0,42
3457,8,42
3461,12,42
3463,14,42
3467,18,42
3469,20,42
3491,42,42
3499,50,42
3511,62,42
3517,68,42
3527,78,42
3529,80,42
3533,84,42
3539,90,42
3541,92,42
3547,98,42
3557,108,42
3559,110,42
3571,122,42
3581,132,42
3583,134,42
3593,144,42
3607,158,42
3613,164,42
3617,168,42
3623,174,42
3631,182,42
3637,188,42
3643,3,43
3659,19,43
3671,31,43
3673,33,43
3677,37,43
3691,51,43
3697,57,43
3701,61,43
3709,69,43
3719,79,43
3727,87,43
3733,93,43
3739,99,43
3761,121,43
3767,127,43
3769,129,43
3779,139,43
3793,153,43
3797,157,43
3803,163,43
3821,181,43
3823,183,43
3833,0,44
3847,14,44
3851,18,44
3853,20,44
3863,30,44
3877,44,44
3881,48,44
3889,56,44
3907,74,44
3911,78,44
3917,84,44
3919,86,44
3923,90,44
3929,96,44
3931,98,44
3943,110,44
3947,114,44
3967,134,44
3989,156,44
4001,168,44
4003,170,44
4007,174,44
4013,180,44
4019,186,44
4021,188,44
4027,194,44
4049,19,45
4051,21,45
4057,27,45
4073,43,45
4079,49,45
4091,61,45
4093,63,45
4099,69,45
4111,81,45
4127,97,45
4129,99,45
4133,103,45
4139,109,45
4153,123,45
4157,127,45
4159,129,45
4177,147,45
4201,171,45
4211,181,45
4217,187,45
4219,189,45
4229,0,46
4231,2,46
4241,12,46
4243,14,46
4253,24,46
4259,30,46
4261,32,46
4271,42,46
4273,44,46
4283,54,46
4289,60,46
4297,68,46
4327,98,46
4337,108,46
4339,110,46
4349,120,46
4357,128,46
4363,134,46
4373,144,46
4391,162,46
4397,168,46
4409,180,46
4421,192,46
4423,194,46
4441,1,47
4447,7,47
4451,11,47
4457,17,47
4463,23,47
4481,41,47
4483,43,47
4493,53,47
4507,67,47
4513,73,47
4517,77,47
4519,79,47
4523,83,47
4547,107,47
4549,109,47
4561,121,47
4567,127,47
4583,143,47
4591,151,47
4597,157,47
4603,163,47
4621,181,47
4637,197,47
4639,199,47
4643,203,47
4649,209,47
4651,211,47
4657,217,47
4663,0,48
4673,10,48
4679,16,48
4691,28,48
4703,40,48
4721,58,48
4723,60,48
4729,66,48
4733,70,48
4751,88,48
4759,96,48
4783,120,48
4787,124,48
4789,126,48
4793,130,48
4799,136,48
4801,138,48
4813,150,48
4817,154,48
4831,168,48
4861,198,48
4871,208,48
4877,214,48
4889,226,48
4903,13,49
4909,19,49
4919,29,49
4931,41,49
4933,43,49
4937,47,49
4943,53,49
4951,61,49
4957,67,49
4967,77,49
4969,79,49
4973,83,49
4987,97,49
4993,103,49
4999,109,49
5003,113,49
5009,119,49
5011,121,49
5021,131,49
5023,133,49
5039,149,49
5051,161,49
5059,169,49
5077,187,49
5081,191,49
5087,197,49
5099,209,49
5101,211,49
5107,217,49
5113,223,49
5119,0,50
5147,28,50
5153,34,50
5167,48,50
5171,52,50
5179,60,50
5189,70,50
5197,78,50
5209,90,50
5227,108,50
5231,112,50
5233,114,50
5237,118,50
5261,142,50
5273,154,50
5279,160,50
5281,162,50
5297,178,50
5303,184,50
5309,190,50
5323,204,50
5333,214,50
5347,228,50
5351,232,50
5381,29,51
5387,35,51
5393,41,51
5399,47,51
5407,55,51
5413,61,51
5417,65,51
5419,67,51
5431,79,51
5437,85,51
5441,89,51
5443,91,51
5449,97,51
5471,119,51
5477,125,51
5479,127,51
5483,131,51
5501,149,51
5503,151,51
5507,155,51
5519,167,51
5521,169,51
5527,175,51
5531,179,51
5557,205,51
5563,211,51
5569,217,51
5573,221,51
5581,229,51
5591,0,52
5623,32,52
5639,48,52
5641,50,52
5647,56,52
5651,60,52
5653,62,52
5657,66,52
5659,68,52
5669,78,52
5683,92,52
5689,98,52
5693,102,52
5701,110,52
5711,120,52
5717,126,52
5737,146,52
5741,150,52
5743,152,52
5749,158,52
5779,188,52
5783,192,52
5791,200,52
5801,210,52
5807,216,52
5813,222,52
5821,230,52
5827,236,52
5839,7,53
5843,11,53
5849,17,53
5851,19,53
5857,25,53
5861,29,53
5867,35,53
5869,37,53
5879,47,53
5881,49,53
5897,65,53
5903,71,53
5923,91,53
5927,95,53
5939,107,53
5953,121,53
5981,149,53
5987,155,53
6007,175,53
6011,179,53
6029,197,53
6037,205,53
6043,211,53
6047,215,53
6053,221,53
6067,235,53
6073,241,53
6079,247,53
6089,6,54
6091,8,54
6101,18,54
6113,30,54
6121,38,54
6131,48,54
6133,50,54
6143,60,54
6151,68,54
6163,80,54
6173,90,54
6197,114,54
6199,116,54
6203,120,54
6211,128,54
6217,134,54
6221,138,54
6229,146,54
6247,164,54
6257,174,54
6263,180,54
6269,186,54
6271,188,54
6277,194,54
6287,204,54
6299,216,54
6301,218,54
6311,228,54
6317,234,54
6323,240,54
6329,246,54
6337,254,54
6343,3,55
6353,13,55
6359,19,55
6361,21,55
6367,27,55
6373,33,55
6379,39,55
6389,49,55
6397,57,55
6421,81,55
6427,87,55
6449,109,55
6451,111,55
6469,129,55
6473,133,55
6481,141,55
6491,151,55
6521,181,55
6529,189,55
6547,207,55
6551,211,55
6553,213,55
6563,223,55
6569,229,55
6571,231,55
6577,237,55
6581,241,55
6599,259,55
6607,4,56
6619,16,56
6637,34,56
6653,50,56
6659,56,56
6661,58,56
6673,70,56
6679,76,56
6689,86,56
6691,88,56
6701,98,56
6703,100,56
6709,106,56
6719,116,56
6733,130,56
6737,134,56
6761,158,56
6763,160,56
6779,176,56
6781,178,56
6791,188,56
6793,190,56
6803,200,56
6823,220,56
6827,224,56
6829,226,56
6833,230,56
6841,238,56
6857,254,56
6863,260,56
6869,266,56
6871,268,56
6883,11,57
6899,27,57
6907,35,57
6911,39,57
6917,45,57
6947,75,57
6949,77,57
6959,87,57
6961,89,57
6967,95,57
6971,99,57
6977,105,57
6983,111,57
6991,119,57
6997,125,57
7001,129,57
7013,141,57
7019,147,57
7027,155,57
7039,167,57
7043,171,57
7057,185,57
7069,197,57
7079,207,57
7103,231,57
7109,237,57
7121,249,57
7127,255,57
7129,257,57
7151,8,58
7159,16,58
7177,34,58
7187,44,58
7193,50,58
7207,64,58
7211,68,58
7213,70,58
7219,76,58
7229,86,58
7237,94,58
7243,100,58
7247,104,58
7253,110,58
7283,140,58
7297,154,58
7307,164,58
7309,166,58
7321,178,58
7331,188,58
7333,190,58
7349,206,58
7351,208,58
7369,226,58
7393,250,58
7411,268,58
7417,274,58
7433,13,59
7451,31,59
7457,37,59
7459,39,59
7477,57,59
7481,61,59
7487,67,59
7489,69,59
7499,79,59
7507,87,59
7517,97,59
7523,103,59
7529,109,59
7537,117,59
7541,121,59
7547,127,59
7549,129,59
7559,139,59
7561,141,59
7573,153,59
7577,157,59
7583,163,59
7589,169,59
7591,171,59
7603,183,59
7607,187,59
7621,201,59
7639,219,59
7643,223,59
7649,229,59
7669,249,59
7673,253,59
7681,261,59
7687,267,59
7691,271,59
7699,279,59
7703,2,60
7717,16,60
7723,22,60
7727,26,60
7741,40,60
7753,52,60
7757,56,60
7759,58,60
7789,88,60
7793,92,60
7817,116,60
7823,122,60
7829,128,60
7841,140,60
7853,152,60
7867,166,60
7873,172,60
7877,176,60
7879,178,60
7883,182,60
7901,200,60
7907,206,60
7919,218,60
7927,226,60
7933,232,60
7937,236,60
7949,248,60
7951,250,60
7963,262,60
7993,9,61
8009,25,61
8011,27,61
8017,33,61
8039,55,61
8053,69,61
8059,75,61
8069,85,61
8081,97,61
8087,103,61
8089,105,61
8093,109,61
8101,117,61
8111,127,61
8117,133,61
8123,139,61
8147,163,61
8161,177,61
8167,183,61
8171,187,61
8179,195,61
8191,207,61
8209,225,61
8219,235,61
8221,237,61
8231,247,61
8233,249,61
8237,253,61
8243,259,61
8263,279,61
8269,285,61
8273,289,61
8287,10,62
8291,14,62
8293,16,62
8297,20,62
8311,34,62
8317,40,62
8329,52,62
8353,76,62
8363,86,62
8369,92,62
8377,100,62
8387,110,62
8389,112,62
8419,142,62
8423,146,62
8429,152,62
8431,154,62
8443,166,62
8447,170,62
8461,184,62
8467,190,62
8501,224,62
8513,236,62
8521,244,62
8527,250,62
8537,260,62
8539,262,62
8543,266,62
8563,286,62
8573,296,62
8581,304,62
8597,13,63
8599,15,63
8609,25,63
8623,39,63
8627,43,63
8629,45,63
8641,57,63
8647,63,63
8663,79,63
8669,85,63
8677,93,63
8681,97,63
8689,105,63
8693,109,63
8699,115,63
8707,123,63
8713,129,63
8719,135,63
8731,147,63
8737,153,63
8741,157,63
8747,163,63
8753,169,63
8761,177,63
8779,195,63
8783,199,63
8803,219,63
8807,223,63
8819,235,63
8821,237,63
8831,247,63
8837,253,63
8839,255,63
8849,265,63
8861,277,63
8863,279,63
8867,283,63
8887,303,63
8893,309,63
8923,28,64
8929,34,64
8933,38,64
8941,46,64
8951,56,64
8963,68,64
8969,74,64
8971,76,64
8999,104,64
9001,106,64
9007,112,64
9011,116,64
9013,118,64
9029,134,64
9041,146,64
9043,148,64
9049,154,64
9059,164,64
9067,172,64
9091,196,64
9103,208,64
9109,214,64
9127,232,64
9133,238,64
9137,242,64
9151,256,64
9157,262,64
9161,266,64
9173,278,64
9181,286,64
9187,292,64
9199,304,64
9203,308,64
9209,1,65
9221,13,65
9227,19,65
9239,31,65
9241,33,65
9257,49,65
9277,69,65
9281,73,65
9283,75,65
9293,85,65
9311,103,65
9319,111,65
9323,115,65
9337,129,65
9341,133,65
9343,135,65
9349,141,65
9371,163,65
9377,169,65
9391,183,65
9397,189,65
9403,195,65
9413,205,65
9419,211,65
9421,213,65
9431,223,65
9433,225,65
9437,229,65
9439,231,65
9461,253,65
9463,255,65
9467,259,65
9473,265,65
9479,271,65
9491,283,65
9497,289,65
9511,303,65
9521,313,65
9533,8,66
9539,14,66
9547,22,66
9551,26,66
9587,62,66
9601,76,66
9613,88,66
9619,94,66
9623,98,66
9629,104,66
9631,106,66
9643,118,66
9649,124,66
9661,136,66
9677,152,66
9679,154,66
9689,164,66
9697,172,66
9719,194,66
9721,196,66
9733,208,66
9739,214,66
9743,218,66
9749,224,66
9767,242,66
9769,244,66
9781,256,66
9787,262,66
9791,266,66
9803,278,66
9811,286,66
9817,292,66
9829,304,66
9833,308,66
9839,314,66
9851,326,66
9857,1,67
9859,3,67
9871,15,67
9883,27,67
9887,31,67
9901,45,67
9907,51,67
9923,67,67
9929,73,67
9931,75,67
9941,85,67
9949,93,67
9967,111,67
9973,117,67
10007,151,67
10009,153,67
10037,181,67
10039,183,67
10061,205,67
10067,211,67
10069,213,67
10079,223,67
10091,235,67
10093,237,67
10099,243,67
10103,247,67
10111,255,67
10133,277,67
10139,283,67
10141,285,67
10151,295,67
10159,303,67
10163,307,67
10169,313,67
10177,321,67
10181,325,67
10193,0,68
10211,18,68
10223,30,68
10243,50,68
10247,54,68
10253,60,68
10259,66,68
10267,74,68
10271,78,68
10273,80,68
10289,96,68
10301,108,68
10303,110,68
10313,120,68
10321,128,68
10331,138,68
10333,140,68
10337,144,68
10343,150,68
10357,164,68
10369,176,68
10391,198,68
10399,206,68
10427,234,68
10429,236,68
10433,240,68
10453,260,68
10457,264,68
10459,266,68
10463,270,68
10477,284,68
10487,294,68
10499,306,68
10501,308,68
10513,320,68
10529,336,68
10531,338,68
10559,19,69
10567,27,69
10589,49,69
10597,57,69
10601,61,69
10607,67,69
10613,73,69
10627,87,69
10631,91,69
10639,99,69
10651,111,69
10657,117,69
10663,123,69
10667,127,69
10687,147,69
10691,151,69
10709,169,69
10711,171,69
10723,183,69
10729,189,69
10733,193,69
10739,199,69
10753,213,69
10771,231,69
10781,241,69
10789,249,69
10799,259,69
10831,291,69
10837,297,69
10847,307,69
10853,313,69
10859,319,69
10861,321,69
10867,327,69
10883,343,69
10889,0,70
10891,2,70
10903,14,70
10909,20,70
10937,48,70
10939,50,70
10949,60,70
10957,68,70
10973,84,70
10979,90,70
10987,98,70
10993,104,70
11003,114,70
11027,138,70
11047,158,70
11057,168,70
11059,170,70
11069,180,70
11071,182,70
11083,194,70
11087,198,70
11093,204,70
11113,224,70
11117,228,70
11119,230,70
11131,242,70
11149,260,70
11159,270,70
11161,272,70
11171,282,70
11173,284,70
11177,288,70
11197,308,70
11213,324,70
11239,350,70
11243,1,71
11251,9,71
11257,15,71
11261,19,71
11273,31,71
11279,37,71
11287,45,71
11299,57,71
11311,69,71
11317,75,71
11321,79,71
11329,87,71
11351,109,71
11353,111,71
11369,127,71
11383,141,71
11393,151,71
11399,157,71
11411,169,71
11423,181,71
11437,195,71
11443,201,71
11447,205,71
11467,225,71
11471,229,71
11483,241,71
11489,247,71
11491,249,71
11497,255,71
11503,261,71
11519,277,71
11527,285,71
11549,307,71
11551,309,71
11579,337,71
11587,345,71
11593,351,71
11597,355,71
11617,16,72
11621,20,72
11633,32,72
11657,56,72
11677,76,72
11681,80,72
11689,88,72
11699,98,72
11701,100,72
11717,116,72
11719,118,72
11731,130,72
11743,142,72
11777,176,72
11779,178,72
11783,182,72
11789,188,72
11801,200,72
11807,206,72
11813,212,72
11821,220,72
11827,226,72
11831,230,72
11833,232,72
11839,238,72
11863,262,72
11867,266,72
11887,286,72
11897,296,72
11903,302,72
11909,308,72
11923,322,72
11927,326,72
11933,332,72
11939,338,72
11941,340,72
11953,352,72
11959,358,72
11969,1,73
11971,3,73
11981,13,73
11987,19,73
12007,39,73
12011,43,73
12037,69,73
12041,73,73
12043,75,73
12049,81,73
12071,103,73
12073,105,73
12097,129,73
12101,133,73
12107,139,73
12109,141,73
12113,145,73
12119,151,73
12143,175,73
12149,181,73
12157,189,73
12161,193,73
12163,195,73
12197,229,73
12203,235,73
12211,243,73
12227,259,73
12239,271,73
12241,273,73
12251,283,73
12253,285,73
12263,295,73
12269,301,73
12277,309,73
12281,313,73
12289,321,73
12301,333,73
12323,355,73
12329,361,73
12343,2,74
12347,6,74
12373,32,74
12377,36,74
12379,38,74
12391,50,74
12401,60,74
12409,68,74
12413,72,74
12421,80,74
12433,92,74
12437,96,74
12451,110,74
12457,116,74
12473,132,74
12479,138,74
12487,146,74
12491,150,74
12497,156,74
12503,162,74
12511,170,74
12517,176,74
12527,186,74
12539,198,74
12541,200,74
12547,206,74
12553,212,74
12569,228,74
12577,236,74
12583,242,74
12589,248,74
12601,260,74
12611,270,74
12613,272,74
12619,278,74
12637,296,74
12641,300,74
12647,306,74
12653,312,74
12659,318,74
12671,330,74
12689,348,74
12697,356,74
12703,362,74
12713,372,74
12721,1,75
12739,19,75
12743,23,75
12757,37,75
12763,43,75
12781,61,75
12791,71,75
12799,79,75
12809,89,75
12821,101,75
12823,103,75
12829,109,75
12841,121,75
12853,133,75
12889,169,75
12893,173,75
12899,179,75
12907,187,75
12911,191,75
12917,197,75
12919,199,75
12923,203,75
12941,221,75
12953,233,75
12959,239,75
12967,247,75
12973,253,75
12979,259,75
12983,263,75
13001,281,75
13003,283,75
13007,287,75
13009,289,75
13033,313,75
13037,317,75
13043,323,75
13049,329,75
13063,343,75
13093,373,75
13099,379,75
13103,0,76
13109,6,76
13121,18,76
13127,24,76
13147,44,76
13151,48,76
13159,56,76
13163,60,76
13171,68,76
13177,74,76
13183,80,76
13187,84,76
13217,114,76
13219,116,76
13229,126,76
13241,138,76
13249,146,76
13259,156,76
13267,164,76
13291,188,76
13297,194,76
13309,206,76
13313,210,76
13327,224,76
13331,228,76
13337,234,76
13339,236,76
13367,264,76
13381,278,76
13397,294,76
13399,296,76
13411,308,76
13417,314,76
13421,318,76
13441,338,76
13451,348,76
13457,354,76
13463,360,76
13469,366,76
13477,374,76
13487,384,76
13499,7,77
13513,21,77
13523,31,77
13537,45,77
13553,61,77
13567,75,77
13577,85,77
13591,99,77
13597,105,77
13613,121,77
13619,127,77
13627,135,77
13633,141,77
13649,157,77
13669,177,77
13679,187,77
13681,189,77
13687,195,77
13691,199,77
13693,201,77
13697,205,77
13709,217,77
13711,219,77
13721,229,77
13723,231,77
13729,237,77
13751,259,77
13757,265,77
13759,267,77
13763,271,77
13781,289,77
13789,297,77
13799,307,77
13807,315,77
13829,337,77
13831,339,77
13841,349,77
13859,367,77
13873,381,77
13877,385,77
13879,387,77
13883,391,77
13901,12,78
13903,14,78
13907,18,78
13913,24,78
13921,32,78
13931,42,78
13933,44,78
13963,74,78
13967,78,78
13997,108,78
13999,110,78
14009,120,78
14011,122,78
14029,140,78
14033,144,78
14051,162,78
14057,168,78
14071,182,78
14081,192,78
14083,194,78
14087,198,78
14107,218,78
14143,254,78
14149,260,78
14153,264,78
14159,270,78
14173,284,78
14177,288,78
14197,308,78
14207,318,78
14221,332,78
14243,354,78
14249,360,78
14251,362,78
14281,392,78
14293,3,79
14303,13,79
14321,31,79
14323,33,79
14327,37,79
14341,51,79
14347,57,79
14369,79,79
14387,97,79
14389,99,79
14401,111,79
14407,117,79
14411,121,79
14419,129,79
14423,133,79
14431,141,79
14437,147,79
14447,157,79
14449,159,79
14461,171,79
14479,189,79
14489,199,79
14503,213,79
14519,229,79
14533,243,79
14537,247,79
14543,253,79
14549,259,79
14551,261,79
14557,267,79
14561,271,79
14563,273,79
14591,301,79
14593,303,79
14621,331,79
14627,337,79
14629,339,79
14633,343,79
14639,349,79
14653,363,79
14657,367,79
14669,379,79
14683,393,79
14699,0,80
14713,14,80
14717,18,80
14723,24,80
14731,32,80
14737,38,80
14741,42,80
14747,48,80
14753,54,80
14759,60,80
14767,68,80
14771,72,80
14779,80,80
14783,84,80
14797,98,80
14813,114,80
14821,122,80
14827,128,80
14831,132,80
14843,144,80
14851,152,80
14867,168,80
14869,170,80
14879,180,80
14887,188,80
14891,192,80
14897,198,80
14923,224,80
14929,230,80
14939,240,80
14947,248,80
14951,252,80
14957,258,80
14969,270,80
14983,284,80
15013,314,80
15017,318,80
15031,332,80
15053,354,80
15061,362,80
15073,374,80
15077,378,80
15083,384,80
15091,392,80
15101,402,80
15107,408,80
15121,3,81
15131,13,81
15137,19,81
15139,21,81
15149,31,81
15161,43,81
15173,55,81
15187,69,81
15193,75,81
15199,81,81
15217,99,81
15227,109,81
15233,115,81
15241,123,81
15259,141,81
15263,145,81
15269,151,81
15271,153,81
15277,159,81
15287,169,81
15289,171,81
15299,181,81
15307,189,81
15313,195,81
15319,201,81
15329,211,81
15331,213,81
15349,231,81
15359,241,81
15361,243,81
15373,255,81
15377,259,81
15383,265,81
15391,273,81
15401,283,81
15413,295,81
15427,309,81
15439,321,81
15443,325,81
15451,333,81
15461,343,81
15467,349,81
15473,355,81
15493,375,81
15497,379,81
15511,393,81
15527,409,81
15541,2,82
15551,12,82
15559,20,82
15569,30,82
15581,42,82
15583,44,82
15601,62,82
15607,68,82
15619,80,82
15629,90,82
15641,102,82
15643,104,82
15647,108,82
15649,110,82
15661,122,82
15667,128,82
15671,132,82
15679,140,82
15683,144,82
15727,188,82
15731,192,82
15733,194,82
15737,198,82
15739,200,82
15749,210,82
15761,222,82
15767,228,82
15773,234,82
15787,248,82
15791,252,82
15797,258,82
15803,264,82
15809,270,82
15817,278,82
15823,284,82
15859,320,82
15877,338,82
15881,342,82
15887,348,82
15889,350,82
15901,362,82
15907,368,82
15913,374,82
15919,380,82
15923,384,82
15937,398,82
15959,420,82
15971,1,83
15973,3,83
15991,21,83
16001,31,83
16007,37,83
16033,63,83
16057,87,83
16061,91,83
16063,93,83
16067,97,83
16069,99,83
16073,103,83
16087,117,83
16091,121,83
16097,127,83
16103,133,83
16111,141,83
16127,157,83
16139,169,83
16141,171,83
16183,213,83
16187,217,83
16189,219,83
16193,223,83
16217,247,83
16223,253,83
16229,259,83
16231,261,83
16249,279,83
16253,283,83
16267,297,83
16273,303,83
16301,331,83
16319,349,83
16333,363,83
16339,369,83
16349,379,83
16361,391,83
16363,393,83
16369,399,83
16381,411,83
16411,8,84
16417,14,84
16421,18,84
16427,24,84
16433,30,84
16447,44,84
16451,48,84
16453,50,84
16477,74,84
16481,78,84
16487,84,84
16493,90,84
16519,116,84
16529,126,84
16547,144,84
16553,150,84
16561,158,84
16567,164,84
16573,170,84
16603,200,84
16607,204,84
16619,216,84
16631,228,84
16633,230,84
16649,246,84
16651,248,84
16657,254,84
16661,258,84
16673,270,84
16691,288,84
16693,290,84
16699,296,84
16703,300,84
16729,326,84
16741,338,84
16747,344,84
16759,356,84
16763,360,84
16787,384,84
16811,408,84
16823,420,84
16829,426,84
16831,428,84
16843,1,85
16871,29,85
16879,37,85
16883,41,85
16889,47,85
16901,59,85
16903,61,85
16921,79,85
16927,85,85
16931,89,85
16937,95,85
16943,101,85
16963,121,85
16979,137,85
16981,139,85
16987,145,85
16993,151,85
17011,169,85
17021,179,85
17027,185,85
17029,187,85
17033,191,85
17041,199,85
17047,205,85
17053,211,85
17077,235,85
17093,251,85
17099,257,85
17107,265,85
17117,275,85
17123,281,85
17137,295,85
17159,317,85
17167,325,85
17183,341,85
17189,347,85
17191,349,85
17203,361,85
17207,365,85
17209,367,85
17231,389,85
17239,397,85
17257,415,85
17291,6,86
17293,8,86
17299,14,86
17317,32,86
17321,36,86
17327,42,86
17333,48,86
17341,56,86
17351,66,86
17359,74,86
17377,92,86
17383,98,86
17387,102,86
17389,104,86
17393,108,86
17401,116,86
17417,132,86
17419,134,86
17431,146,86
17443,158,86
17449,164,86
17467,182,86
17471,186,86
17477,192,86
17483,198,86
17489,204,86
17491,206,86
17497,212,86
17509,224,86
17519,234,86
17539,254,86
17551,266,86
17569,284,86
17573,288,86
17579,294,86
17581,296,86
17597,312,86
17599,314,86
17609,324,86
17623,338,86
17627,342,86
17657,372,86
17659,374,86
17669,384,86
17681,396,86
17683,398,86
17707,422,86
17713,428,86
17729,444,86
17737,3,87
17747,13,87
17749,15,87
17761,27,87
17783,49,87
17789,55,87
17791,57,87
17807,73,87
17827,93,87
17837,103,87
17839,105,87
17851,117,87
17863,129,87
17881,147,87
17891,157,87
17903,169,87
17909,175,87
17911,177,87
17921,187,87
17923,189,87
17929,195,87
17939,205,87
17957,223,87
17959,225,87
17971,237,87
17977,243,87
17981,247,87
17987,253,87
17989,255,87
18013,279,87
18041,307,87
18043,309,87
18047,313,87
18049,315,87
18059,325,87
18061,327,87
18077,343,87
18089,355,87
18097,363,87
18119,385,87
18121,387,87
18127,393,87
18131,397,87
18133,399,87
18143,409,87
18149,415,87
18169,435,87
18181,447,87
18191,0,88
18199,8,88
18211,20,88
18217,26,88
18223,32,88
18229,38,88
18233,42,88
18251,60,88
18253,62,88
18257,66,88
18269,78,88
18287,96,88
18289,98,88
18301,110,88
18307,116,88
18311,120,88
18313,122,88
18329,138,88
18341,150,88
18353,162,88
18367,176,88
18371,180,88
18379,188,88
18397,206,88
18401,210,88
18413,222,88
18427,236,88
18433,242,88
18439,248,88
18443,252,88
18451,260,88
18457,266,88
18461,270,88
18481,290,88
18493,302,88
18503,312,88
18517,326,88
18521,330,88
18523,332,88
18539,348,88
18541,350,88
18553,362,88
18583,392,88
18587,396,88
18593,402,88
18617,426,88
18637,446,88
18661,9,89
18671,19,89
18679,27,89
18691,39,89
18701,49,89
18713,61,89
18719,67,89
18731,79,89
18743,91,89
18749,97,89
18757,105,89
18773,121,89
18787,135,89
18793,141,89
18797,145,89
18803,151,89
18839,187,89
18859,207,89
18869,217,89
18899,247,89
18911,259,89
18913,261,89
18917,265,89
18919,267,89
18947,295,89
18959,307,89
18973,321,89
18979,327,89
19001,349,89
19009,357,89
19013,361,89
19031,379,89
19037,385,89
19051,399,89
19069,417,89
19073,421,89
19079,427,89
19081,429,89
19087,435,89
19121,6,90
19139,24,90
19141,26,90
19157,42,90
19163,48,90
19181,66,90
19183,68,90
19207,92,90
19211,96,90
19213,98,90
19219,104,90
19231,116,90
19237,122,90
19249,134,90
19259,144,90
19267,152,90
19273,158,90
19289,174,90
19301,186,90
19309,194,90
19319,204,90
19333,218,90
19373,258,90
19379,264,90
19381,266,90
19387,272,90
19391,276,90
19403,288,90
19417,302,90
19421,306,90
19423,308,90
19427,312,90
19429,314,90
19433,318,90
19441,326,90
19447,332,90
19457,342,90
19463,348,90
19469,354,90
19471,356,90
19477,362,90
19483,368,90
19489,374,90
19501,386,90
19507,392,90
19531,416,90
19541,426,90
19543,428,90
19553,438,90
19559,444,90
19571,456,90
19577,462,90
19583,1,91
19597,15,91
19603,21,91
19609,27,91
19661,79,91
19681,99,91
19687,105,91
19697,115,91
19699,117,91
19709,127,91
19717,135,91
19727,145,91
19739,157,91
19751,169,91
19753,171,91
19759,177,91
19763,181,91
19777,195,91
19793,211,91
19801,219,91
19813,231,91
19819,237,91
19841,259,91
19843,261,91
19853,271,91
19861,279,91
19867,285,91
19889,307,91
19891,309,91
19913,331,91
19919,337,91
19927,345,91
19937,355,91
19949,367,91
19961,379,91
19963,381,91
19973,391,91
19979,397,91
19991,409,91
19993,411,91
19997,415,91
20011,429,91
20021,439,91
20023,441,91
20029,447,91
20047,465,91
20051,469,91
20063,2,92
20071,10,92
20089,28,92
20101,40,92
20107,46,92
20113,52,92
20117,56,92
20123,62,92
20129,68,92
20143,82,92
20147,86,92
20149,88,92
20161,100,92
20173,112,92
20177,116,92
20183,122,92
20201,140,92
20219,158,92
20231,170,92
20233,172,92
20249,188,92
20261,200,92
20269,208,92
20287,226,92
20297,236,92
20323,262,92
20327,266,92
20333,272,92
20341,280,92
20347,286,92
20353,292,92
20357,296,92
20359,298,92
20369,308,92
20389,328,92
20393,332,92
20399,338,92
20407,346,92
20411,350,92
20431,370,92
20441,380,92
20443,382,92
20477,416,92
20479,418,92
20483,422,92
20507,446,92
20509,448,92
20521,460,92
20533,472,92
20543,482,92
20549,1,93
20551,3,93
20563,15,93
20593,45,93
20599,51,93
20611,63,93
20627,79,93
20639,91,93
20641,93,93
20663,115,93
20681,133,93
20693,145,93
20707,159,93
20717,169,93
20719,171,93
20731,183,93
20743,195,93
20747,199,93
20749,201,93
20753,205,93
20759,211,93
20771,223,93
20773,225,93
20789,241,93
20807,259,93
20809,261,93
20849,301,93
20857,309,93
20873,325,93
20879,331,93
20887,339,93
20897,349,93
20899,351,93
20903,355,93
20921,373,93
20929,381,93
20939,391,93
20947,399,93
20959,411,93
20963,415,93
20981,433,93
20983,435,93
21001,453,93
21011,463,93
21013,465,93
21017,469,93
21019,471,93
21023,475,93
21031,483,93
21059,20,94
21061,22,94
21067,28,94
21089,50,94
21101,62,94
21107,68,94
21121,82,94
21139,100,94
21143,104,94
21149,110,94
21157,118,94
21163,124,94
21169,130,94
21179,140,94
21187,148,94
21191,152,94
21193,154,94
21211,172,94
21221,182,94
21227,188,94
21247,208,94
21269,230,94
21277,238,94
21283,244,94
21313,274,94
21317,278,94
21319,280,94
21323,284,94
21341,302,94
21347,308,94
21377,338,94
21379,340,94
21383,344,94
21391,352,94
21397,358,94
21401,362,94
21407,368,94
21419,380,94
21433,394,94
21467,428,94
21481,442,94
21487,448,94
21491,452,94
21493,454,94
21499,460,94
21503,464,94
21517,478,94
21521,482,94
21523,484,94
21529,490,94
21557,19,95
21559,21,95
21563,25,95
21569,31,95
21577,39,95
21587,49,95
21589,51,95
21599,61,95
21601,63,95
21611,73,95
21613,75,95
21617,79,95
21647,109,95
21649,111,95
21661,123,95
21673,135,95
21683,145,95
21701,163,95
21713,175,95
21727,189,95
21737,199,95
21739,201,95
21751,213,95
21757,219,95
21767,229,95
21773,235,95
21787,249,95
21799,261,95
21803,265,95
21817,279,95
21821,283,95
21839,301,95
21841,303,95
21851,313,95
21859,321,95
21863,325,95
21871,333,95
21881,343,95
21893,355,95
21911,373,95
21929,391,95
21937,399,95
21943,405,95
21961,423,95
21977,439,95
21991,453,95
21997,459,95
22003,465,95
22013,475,95
22027,489,95
22031,493,95
22037,499,95
22039,501,95
22051,10,96
22063,22,96
22067,26,96
22073,32,96
22079,38,96
22091,50,96
22093,52,96
22109,68,96
22111,70,96
22123,82,96
22129,88,96
22133,92,96
22147,106,96
22153,112,96
22157,116,96
22159,118,96
22171,130,96
22189,148,96
22193,152,96
22229,188,96
22247,206,96
22259,218,96
22271,230,96
22273,232,96
22277,236,96
22279,238,96
22283,242,96
22291,250,96
22303,262,96
22307,266,96
22343,302,96
22349,308,96
22367,326,96
22369,328,96
22381,340,96
22391,350,96
22397,356,96
22409,368,96
22433,392,96
22441,400,96
22447,406,96
22453,412,96
22469,428,96
22481,440,96
22483,442,96
22501,460,96
22511,470,96
22531,490,96
22541,500,96
22543,502,96
22549,508,96
22567,17,97
22571,21,97
22573,23,97
22613,63,97
22619,69,97
22621,71,97
22637,87,97
22639,89,97
22643,93,97
22651,101,97
22669,119,97
22679,129,97
22691,141,97
22697,147,97
22699,149,97
22709,159,97
22717,167,97
22721,171,97
22727,177,97
22739,189,97
22741,191,97
22751,201,97
22769,219,97
22777,227,97
22783,233,97
22787,237,97
22807,257,97
22811,261,97
22817,267,97
22853,303,97
22859,309,97
22861,311,97
22871,321,97
22877,327,97
22901,351,97
22907,357,97
22921,371,97
22937,387,97
22943,393,97
22961,411,97
22963,413,97
22973,423,97
22993,443,97
23003,453,97
23011,461,97
23017,467,97
23021,471,97
23027,477,97
23029,479,97
23039,489,97
23041,491,97
23053,503,97
23057,507,97
23059,509,97
23063,513,97
23071,0,98
23081,10,98
23087,16,98
23099,28,98
23117,46,98
23131,60,98
23143,72,98
23159,88,98
23167,96,98
23173,102,98
23189,118,98
23197,126,98
23201,130,98
23203,132,98
23209,138,98
23227,156,98
23251,180,98
23269,198,98
23279,208,98
23291,220,98
23293,222,98
23297,226,98
23311,240,98
23321,250,98
23327,256,98
23333,262,98
23339,268,98
23357,286,98
23369,298,98
23371,300,98
23399,328,98
23417,346,98
23431,360,98
23447,376,98
23459,388,98
23473,402,98
23497,426,98
23509,438,98
23531,460,98
23537,466,98
23539,468,98
23549,478,98
23557,486,98
23561,490,98
23563,492,98
23567,496,98
23581,510,98
23593,522,98
23599,5,99
23603,9,99
23609,15,99
23623,29,99
23627,33,99
23629,35,99
23633,39,99
23663,69,99
23669,75,99
23671,77,99
23677,83,99
23687,93,99
23689,95,99
23719,125,99
23741,147,99
23743,149,99
23747,153,99
23753,159,99
23761,167,99
23767,173,99
23773,179,99
23789,195,99
23801,207,99
23813,219,99
23819,225,99
23827,233,99
23831,237,99
23833,239,99
23857,263,99
23869,275,99
23873,279,99
23879,285,99
23887,293,99
23893,299,99
23899,305,99
23909,315,99
23911,317,99
23917,323,99
23929,335,99
23957,363,99
23971,377,99
23977,383,99
23981,387,99
23993,399,99
24001,407,99
24007,413,99
24019,425,99
24023,429,99
24029,435,99
24043,449,99
24049,455,99
24061,467,99
24071,477,99
24077,483,99
24083,489,99
24091,497,99
24097,503,99
24103,509,99
24107,513,99
24109,515,99
24113,519,99
24121,527,99
24133,539,99
24137,2,100
24151,16,100
24169,34,100
24179,44,100
24181,46,100
24197,62,100
24203,68,100
24223,88,100
24229,94,100
24239,104,100
24247,112,100
24251,116,100
24281,146,100
24317,182,100
24329,194,100
24337,202,100
24359,224,100
24371,236,100
24373,238,100
24379,244,100
24391,256,100
24407,272,100
24413,278,100
24419,284,100
24421,286,100
24439,304,100
24443,308,100
24469,334,100
24473,338,100
24481,346,100
24499,364,100
24509,374,100
24517,382,100
24527,392,100
24533,398,100
24547,412,100
24551,416,100
24571,436,100
24593,458,100
24611,476,100
24623,488,100
24631,496,100
24659,524,100
24671,536,100
24677,542,100
24683,1,101
24691,9,101
24697,15,101
24709,27,101
24733,51,101
24749,67,101
24763,81,101
24767,85,101
24781,99,101
24793,111,101
24799,117,101
24809,127,101
24821,139,101
24841,159,101
24847,165,101
24851,169,101
24859,177,101
24877,195,101
24889,207,101
24907,225,101
24917,235,101
24919,237,101
24923,241,101
24943,261,101
24953,271,101
24967,285,101
24971,289,101
24977,295,101
24979,297,101
24989,307,101
25013,331,101
25031,349,101
25033,351,101
25037,355,101
25057,375,101
25073,391,101
25087,405,101
25097,415,101
25111,429,101
25117,435,101
25121,439,101
25127,445,101
25147,465,101
25153,471,101
25163,481,101
25169,487,101
25171,489,101
25183,501,101
25189,507,101
25219,537,101
25229,547,101
25237,555,101
25243,4,102
25247,8,102
25253,14,102
25261,22,102
25301,62,102
25303,64,102
25307,68,102
25309,70,102
25321,82,102
25339,100,102
25343,104,102
25349,110,102
25357,118,102
25367,128,102
25373,134,102
25391,152,102
25409,170,102
25411,172,102
25423,184,102
25439,200,102
25447,208,102
25453,214,102
25457,218,102
25463,224,102
25469,230,102
25471,232,102
25523,284,102
25537,298,102
25541,302,102
25561,322,102
25577,338,102
25579,340,102
25583,344,102
25589,350,102
25601,362,102
25603,364,102
25609,370,102
25621,382,102
25633,394,102
25639,400,102
25643,404,102
25657,418,102
25667,428,102
25673,434,102
25679,440,102
25693,454,102
25703,464,102
25717,478,102
25733,494,102
25741,502,102
25747,508,102
25759,520,102
25763,524,102
25771,532,102
25793,554,102
25799,560,102
25801,562,102
25819,17,103
25841,39,103
25847,45,103
25849,47,103
25867,65,103
25873,71,103
25889,87,103
25903,101,103
25913,111,103
25919,117,103
25931,129,103
25933,131,103
25939,137,103
25943,141,103
25951,149,103
25969,167,103
25981,179,103
25997,195,103
25999,197,103
26003,201,103
26017,215,103
26021,219,103
26029,227,103
26041,239,103
26053,251,103
26083,281,103
26099,297,103
26107,305,103
26111,309,103
26113,311,103
26119,317,103
26141,339,103
26153,351,103
26161,359,103
26171,369,103
26177,375,103
26183,381,103
26189,387,103
26203,401,103
26209,407,103
26227,425,103
26237,435,103
26249,447,103
26251,449,103
26261,459,103
26263,461,103
26267,465,103
26293,491,103
26297,495,103
26309,507,103
26317,515,103
26321,519,103
26339,537,103
26347,545,103
26357,555,103
26371,0,104
26387,16,104
26393,22,104
26399,28,104
26407,36,104
26417,46,104
26423,52,104
26431,60,104
26437,66,104
26449,78,104
26459,88,104
26479,108,104
26489,118,104
26497,126,104
26501,130,104
26513,142,104
26539,168,104
26557,186,104
26561,190,104
26573,202,104
26591,220,104
26597,226,104
26627,256,104
26633,262,104
26641,270,104
26647,276,104
26669,298,104
26681,310,104
26683,312,104
26687,316,104
26693,322,104
26699,328,104
26701,330,104
26711,340,104
26713,342,104
26717,346,104
26723,352,104
26729,358,104
26731,360,104
26737,366,104
26759,388,104
26777,406,104
26783,412,104
26801,430,104
26813,442,104
26821,450,104
26833,462,104
26839,468,104
26849,478,104
26861,490,104
26863,492,104
26879,508,104
26881,510,104
26891,520,104
26893,522,104
26903,532,104
26921,550,104
26927,556,104
26947,5,105
26951,9,105
26953,11,105
26959,17,105
26981,39,105
26987,45,105
26993,51,105
27011,69,105
27017,75,105
27031,89,105
27043,101,105
27059,117,105
27061,119,105
27067,125,105
27073,131,105
27077,135,105
27091,149,105
27103,161,105
27107,165,105
27109,167,105
27127,185,105
27143,201,105
27179,237,105
27191,249,105
27197,255,105
27211,269,105
27239,297,105
27241,299,105
27253,311,105
27259,317,105
27271,329,105
27277,335,105
27281,339,105
27283,341,105
27299,357,105
27329,387,105
27337,395,105
27361,419,105
27367,425,105
27397,455,105
27407,465,105
27409,467,105
27427,485,105
27431,489,105
27437,495,105
27449,507,105
27457,515,105
27479,537,105
27481,539,105
27487,545,105
27509,567,105
27527,8,106
27529,10,106
27539,20,106
27541,22,106
27551,32,106
27581,62,106
27583,64,106
27611,92,106
27617,98,106
27631,112,106
27647,128,106
27653,134,106
27673,154,106
27689,170,106
27691,172,106
27697,178,106
27701,182,106
27733,214,106
27737,218,106
27739,220,106
27743,224,106
27749,230,106
27751,232,106
27763,244,106
27767,248,106
27773,254,106
27779,260,106
27791,272,106
27793,274,106
27799,280,106
27803,284,106
27809,290,106
27817,298,106
27823,304,106
27827,308,106
27847,328,106
27851,332,106
27883,364,106
27893,374,106
27901,382,106
27917,398,106
27919,400,106
27941,422,106
27943,424,106
27947,428,106
27953,434,106
27961,442,106
27967,448,106
27983,464,106
27997,478,106
28001,482,106
28019,500,106
28027,508,106
28031,512,106
28051,532,106
28057,538,106
28069,550,106
28081,562,106
28087,568,106
28097,578,106
28099,580,106
28109,3,107
28111,5,107
28123,17,107
28151,45,107
28163,57,107
28181,75,107
28183,77,107
28201,95,107
28211,105,107
28219,113,107
28229,123,107
28277,171,107
28279,173,107
28283,177,107
28289,183,107
28297,191,107
28307,201,107
28309,203,107
28319,213,107
28349,243,107
28351,245,107
28387,281,107
28393,287,107
28403,297,107
28409,303,107
28411,305,107
28429,323,107
28433,327,107
28439,333,107
28447,341,107
28463,357,107
28477,371,107
28493,387,107
28499,393,107
28513,407,107
28517,411,107
28537,431,107
28541,435,107
28547,441,107
28549,443,107
28559,453,107
28571,465,107
28573,467,107
28579,473,107
28591,485,107
28597,491,107
28603,497,107
28607,501,107
28619,513,107
28621,515,107
28627,521,107
28631,525,107
28643,537,107
28649,543,107
28657,551,107
28661,555,107
28663,557,107
28669,563,107
28687,581,107
28697,591,107
28703,4,108
28711,12,108
28723,24,108
28729,30,108
28751,52,108
28753,54,108
28759,60,108
28771,72,108
28789,90,108
28793,94,108
28807,108,108
28813,114,108
28817,118,108
28837,138,108
28843,144,108
28859,160,108
28867,168,108
28871,172,108
28879,180,108
28901,202,108
28909,210,108
28921,222,108
28927,228,108
28933,234,108
28949,250,108
28961,262,108
28979,280,108
29009,310,108
29017,318,108
29021,322,108
29023,324,108
29027,328,108
29033,334,108
29059,360,108
29063,364,108
29077,378,108
29101,402,108
29123,424,108
29129,430,108
29131,432,108
29137,438,108
29147,448,108
29153,454,108
29167,468,108
29173,474,108
29179,480,108
29191,492,108
29201,502,108
29207,508,108
29209,510,108
29221,522,108
29231,532,108
29243,544,108
29251,552,108
29269,570,108
29287,588,108
29297,598,108
29303,5,109
29311,13,109
29327,29,109
29333,35,109
29339,41,109
29347,49,109
29363,65,109
29383,85,109
29387,89,109
29389,91,109
29399,101,109
29401,103,109
29411,113,109
29423,125,109
29429,131,109
29437,139,109
29443,145,109
29453,155,109
29473,175,109
29483,185,109
29501,203,109
29527,229,109
29531,233,109
29537,239,109
29567,269,109
29569,271,109
29573,275,109
29581,283,109
29587,289,109
29599,301,109
29611,313,109
29629,331,109
29633,335,109
29641,343,109
29663,365,109
29669,371,109
29671,373,109
29683,385,109
29717,419,109
29723,425,109
29741,443,109
29753,455,109
29759,461,109
29761,463,109
29789,491,109
29803,505,109
29819,521,109
29833,535,109
29837,539,109
29851,553,109
29863,565,109
29867,569,109
29873,575,109
29879,581,109
29881,583,109
29917,18,110
29921,22,110
29927,28,110
29947,48,110
29959,60,110
29983,84,110
29989,90,110
