2,0,0
3,0,1
5,1,2
7,1,3
11,2,4
13,0,5
17,4,5
19,1,6
23,5,6
29,5,7
31,0,8
37,6,8
41,2,9
43,4,9
47,8,9
53,5,10
59,1,11
61,3,11
67,9,11
71,2,12
73,4,12
79,10,12
83,2,13
89,8,13
97,3,14
101,7,14
103,9,14
107,13,14
109,1,15
113,5,15
127,4,16
131,8,16
137,14,16
139,0,17
149,10,17
151,12,17
157,1,18
163,7,18
167,11,18
173,17,18
179,5,19
181,7,19
191,17,19
193,0,20
197,4,20
199,6,20
211,18,20
223,10,21
227,14,21
229,16,21
233,20,21
239,5,22
241,7,22
251,17,22
257,1,23
263,7,23
269,13,23
271,15,23
277,21,23
281,2,24
283,4,24
293,14,24
307,4,25
311,8,25
313,10,25
317,14,25
331,3,26
337,9,26
347,19,26
349,21,26
353,25,26
359,5,27
367,13,27
373,19,27
379,25,27
383,2,28
389,8,28
397,16,28
401,20,28
409,0,29
419,10,29
421,12,29
431,22,29
433,24,29
439,1,30
443,5,30
449,11,30
457,19,30
461,23,30
463,25,30
467,29,30
479,11,31
487,19,31
491,23,31
499,0,32
503,4,32
509,10,32
521,22,32
523,24,32
541,10,33
547,16,33
557,26,33
563,32,33
569,5,34
571,7,34
577,13,34
587,23,34
593,29,34
599,1,35
601,3,35
607,9,35
613,15,35
617,19,35
619,21,35
631,33,35
641,8,36
643,10,36
647,14,36
653,20,36
659,26,36
661,28,36
673,4,37
677,8,37
683,14,37
691,22,37
701,32,37
709,3,38
719,13,38
727,21,38
733,27,38
739,33,38
743,37,38
751,7,39
757,13,39
761,17,39
769,25,39
773,29,39
787,4,40
797,14,40
809,26,40
811,28,40
821,38,40
823,0,41
827,4,41
829,6,41
839,16,41
853,30,41
857,34,41
859,36,41
863,40,41
877,13,42
881,17,42
883,19,42
887,23,42
907,1,43
911,5,43
919,13,43
929,23,43
937,31,43
941,35,43
947,41,43
953,4,44
967,18,44
971,22,44
977,28,44
983,34,44
991,42,44
997,4,45
1009,16,45
1013,20,45
1019,26,45
1021,28,45
1031,38,45
1033,40,45
1039,1,46
1049,11,46
1051,13,46
1061,23,46
1063,25,46
1069,31,46
1087,3,47
1091,7,47
1093,9,47
1097,13,47
1103,19,47
1109,25,47
1117,33,47
1123,39,47
1129,45,47
1151,20,48
1153,22,48
1163,32,48
1171,40,48
1181,2,49
1187,8,49
1193,14,49
1201,22,49
1213,34,49
1217,38,49
1223,44,49
1229,1,50
1231,3,50
1237,9,50
1249,21,50
1259,31,50
1277,49,50
1279,1,51
1283,5,51
1289,11,51
1291,13,51
1297,19,51
1301,23,51
1303,25,51
1307,29,51
1319,41,51
1321,43,51
1327,49,51
1361,32,52
1367,38,52
1373,44,52
1381,0,53
1399,18,53
1409,28,53
1423,42,53
1427,46,53
1429,48,53
1433,52,53
1439,5,54
1447,13,54
1451,17,54
1453,19,54
1459,25,54
1471,37,54
1481,47,54
1483,49,54
1487,53,54
1489,1,55
1493,5,55
1499,11,55
1511,23,55
1523,35,55
1531,43,55
1543,0,56
1549,6,56
1553,10,56
1559,16,56
1567,24,56
1571,28,56
1579,36,56
1583,40,56
1597,54,56
1601,2,57
1607,8,57
1609,10,57
1613,14,57
1619,20,57
1621,22,57
1627,28,57
1637,38,57
1657,1,58
1663,7,58
1667,11,58
1669,13,58
1693,37,58
1697,41,58
1699,43,58
1709,53,58
1721,7,59
1723,9,59
1733,19,59
1741,27,59
1747,33,59
1753,39,59
1759,45,59
1777,4,60
1783,10,60
1787,14,60
1789,16,60
1801,28,60
1811,38,60
1823,50,60
1831,58,60
1847,14,61
1861,28,61
1867,34,61
1871,38,61
1873,40,61
1877,44,61
1879,46,61
1889,56,61
1901,7,62
1907,13,62
1913,19,62
1931,37,62
1933,39,62
1949,55,62
1951,57,62
1973,17,63
1979,23,63
1987,31,63
1993,37,63
1997,41,63
1999,43,63
2003,47,63
2011,55,63
2017,61,63
2027,8,64
2029,10,64
2039,20,64
2053,34,64
2063,44,64
2069,50,64
2081,62,64
2083,0,65
2087,4,65
2089,6,65
2099,16,65
2111,28,65
2113,30,65
2129,46,65
2131,48,65
2137,54,65
2141,58,65
2143,60,65
2153,5,66
2161,13,66
2179,31,66
2203,55,66
2207,59,66
2213,65,66
2221,7,67
2237,23,67
2239,25,67
2243,29,67
2251,37,67
2267,53,67
2269,55,67
2273,59,67
2281,0,68
2287,6,68
2293,12,68
2297,16,68
2309,28,68
2311,30,68
2333,52,68
2339,58,68
2341,60,68
2347,66,68
2351,2,69
2357,8,69
2371,22,69
2377,28,69
2381,32,69
2383,34,69
2389,40,69
2393,44,69
2399,50,69
2411,62,69
2417,68,69
2423,5,70
2437,19,70
2441,23,70
2447,29,70
2459,41,70
2467,49,70
2473,55,70
2477,59,70
2503,15,71
2521,33,71
2531,43,71
2539,51,71
2543,55,71
2549,61,71
2551,63,71
2557,69,71
2579,20,72
2591,32,72
2593,34,72
2609,50,72
2617,58,72
2621,62,72
2633,2,73
2647,16,73
2657,26,73
2659,28,73
2663,32,73
2671,40,73
2677,46,73
2683,52,73
2687,56,73
2689,58,73
2693,62,73
2699,68,73
2707,3,74
2711,7,74
2713,9,74
2719,15,74
2729,25,74
2731,27,74
2741,37,74
2749,45,74
2753,49,74
2767,63,74
2777,73,74
2789,11,75
2791,13,75
2797,19,75
2801,23,75
2803,25,75
2819,41,75
2833,55,75
2837,59,75
2843,65,75
2851,73,75
2857,4,76
2861,8,76
2879,26,76
2887,34,76
2897,44,76
2903,50,76
2909,56,76
2917,64,76
2927,74,76
2939,10,77
2953,24,77
2957,28,77
2963,34,77
2969,40,77
2971,42,77
2999,70,77
3001,72,77
3011,5,78
3019,13,78
3023,17,78
3037,31,78
3041,35,78
3049,43,78
3061,55,78
3067,61,78
3079,73,78
3083,77,78
3089,5,79
3109,25,79
3119,35,79
3121,37,79
3137,53,79
3163,0,80
3167,4,80
3169,6,80
3181,18,80
3187,24,80
3191,28,80
3203,40,80
3209,46,80
3217,54,80
3221,58,80
3229,66,80
3251,8,81
3253,10,81
3257,14,81
3259,16,81
3271,28,81
3299,56,81
3301,58,81
3307,64,81
3313,70,81
3319,76,81
3323,80,81
3329,5,82
3331,7,82
3343,19,82
3347,23,82
3359,35,82
3361,37,82
3371,47,82
3373,49,82
3389,65,82
3391,67,82
3407,1,83
3413,7,83
3433,27,83
3449,43,83
3457,51,83
3461,55,83
3463,57,83
3467,61,83
3469,63,83
3491,2,84
3499,10,84
3511,22,84
3517,28,84
3527,38,84
3529,40,84
3533,44,84
3539,50,84
3541,52,84
3547,58,84
3557,68,84
3559,70,84
3571,82,84
3581,8,85
3583,10,85
3593,20,85
3607,34,85
3613,40,85
3617,44,85
3623,50,85
3631,58,85
3637,64,85
3643,70,85
3659,1,86
3671,13,86
3673,15,86
3677,19,86
3691,33,86
3697,39,86
3701,43,86
3709,51,86
3719,61,86
3727,69,86
3733,75,86
3739,81,86
3761,17,87
3767,23,87
3769,25,87
3779,35,87
3793,49,87
3797,53,87
3803,59,87
3821,77,87
3823,79,87
3833,2,88
3847,16,88
3851,20,88
3853,22,88
3863,32,88
3877,46,88
3881,50,88
3889,58,88
3907,76,88
3911,80,88
3917,86,88
3919,0,89
3923,4,89
3929,10,89
3931,12,89
3943,24,89
3947,28,89
3967,48,89
3989,70,89
4001,82,89
4003,84,89
4007,88,89
4013,5,90
4019,11,90
4021,13,90
4027,19,90
4049,41,90
4051,43,90
4057,49,90
4073,65,90
4079,71,90
4091,83,90
4093,85,90
4099,1,91
4111,13,91
4127,29,91
4129,31,91
4133,35,91
4139,41,91
4153,55,91
4157,59,91
4159,61,91
4177,79,91
4201,12,92
4211,22,92
4217,28,92
4219,30,92
4229,40,92
4231,42,92
4241,52,92
4243,54,92
4253,64,92
4259,70,92
4261,72,92
4271,82,92
4273,84,92
4283,2,93
4289,8,93
4297,16,93
4327,46,93
4337,56,93
4339,58,93
4349,68,93
4357,76,93
4363,82,93
4373,92,93
4391,17,94
4397,23,94
4409,35,94
4421,47,94
4423,49,94
4441,67,94
4447,73,94
4451,77,94
4457,83,94
4463,89,94
4481,13,95
4483,15,95
4493,25,95
4507,39,95
4513,45,95
4517,49,95
4519,51,95
4523,55,95
4547,79,95
4549,81,95
4561,93,95
4567,4,96
4583,20,96
4591,28,96
4597,34,96
4603,40,96
4621,58,96
4637,74,96
4639,76,96
4643,80,96
4649,86,96
4651,88,96
4657,94,96
4663,4,97
4673,14,97
4679,20,97
4691,32,97
4703,44,97
4721,62,97
4723,64,97
4729,70,97
4733,74,97
4751,92,97
4759,3,98
4783,27,98
4787,31,98
4789,33,98
4793,37,98
4799,43,98
4801,45,98
4813,57,98
4817,61,98
4831,75,98
4861,7,99
4871,17,99
4877,23,99
4889,35,99
4903,49,99
4909,55,99
4919,65,99
4931,77,99
4933,79,99
4937,83,99
4943,89,99
4951,97,99
4957,4,100
4967,14,100
4969,16,100
4973,20,100
4987,34,100
4993,40,100
4999,46,100
5003,50,100
5009,56,100
5011,58,100
5021,68,100
5023,70,100
5039,86,100
5051,98,100
5059,6,101
5077,24,101
5081,28,101
5087,34,101
5099,46,101
5101,48,101
5107,54,101
5113,60,101
5119,66,101
5147,94,101
5153,100,101
5167,13,102
5171,17,102
5179,25,102
5189,35,102
5197,43,102
5209,55,102
5227,73,102
5231,77,102
5233,79,102
5237,83,102
5261,5,103
5273,17,103
5279,23,103
5281,25,103
5297,41,103
5303,47,103
5309,53,103
5323,67,103
5333,77,103
5347,91,103
5351,95,103
5381,22,104
5387,28,104
5393,34,104
5399,40,104
5407,48,104
5413,54,104
5417,58,104
5419,60,104
5431,72,104
5437,78,104
5441,82,104
5443,84,104
5449,90,104
5471,8,105
5477,14,105
5479,16,105
5483,20,105
5501,38,105
5503,40,105
5507,44,105
5519,56,105
5521,58,105
5527,64,105
5531,68,105
5557,94,105
5563,100,105
5569,1,106
5573,5,106
5581,13,106
5591,23,106
5623,55,106
5639,71,106
5641,73,106
5647,79,106
5651,83,106
5653,85,106
5657,89,106
5659,91,106
5669,101,106
5683,9,107
5689,15,107
5693,19,107
5701,27,107
5711,37,107
5717,43,107
5737,63,107
5741,67,107
5743,69,107
5749,75,107
5779,105,107
5783,2,108
5791,10,108
5801,20,108
5807,26,108
5813,32,108
5821,40,108
5827,46,108
5839,58,108
5843,62,108
5849,68,108
5851,70,108
5857,76,108
5861,80,108
5867,86,108
5869,88,108
5879,98,108
5881,100,108
5897,8,109
5903,14,109
5923,34,109
5927,38,109
5939,50,109
5953,64,109
5981,92,109
5987,98,109
6007,9,110
6011,13,110
6029,31,110
6037,39,110
6043,45,110
6047,49,110
6053,55,110
6067,69,110
6073,75,110
6079,81,110
6089,91,110
6091,93,110
6101,103,110
6113,5,111
6121,13,111
6131,23,111
6133,25,111
6143,35,111
6151,43,111
6163,55,111
6173,65,111
6197,89,111
6199,91,111
6203,95,111
6211,103,111
6217,109,111
6221,2,112
6229,10,112
6247,28,112
6257,38,112
6263,44,112
6269,50,112
6271,52,112
6277,58,112
6287,68,112
6299,80,112
6301,82,112
6311,92,112
6317,98,112
6323,104,112
6329,110,112
6337,6,113
6343,12,113
6353,22,113
6359,28,113
6361,30,113
6367,36,113
6373,42,113
6379,48,113
6389,58,113
6397,66,113
6421,90,113
6427,96,113
6449,5,114
6451,7,114
6469,25,114
6473,29,114
6481,37,114
6491,47,114
6521,77,114
6529,85,114
6547,103,114
6551,107,114
6553,109,114
6563,5,115
6569,11,115
6571,13,115
6577,19,115
6581,23,115
6599,41,115
6607,49,115
6619,61,115
6637,79,115
6653,95,115
6659,101,115
6661,103,115
6673,0,116
6679,6,116
6689,16,116
6691,18,116
6701,28,116
6703,30,116
6709,36,116
6719,46,116
6733,60,116
6737,64,116
6761,88,116
6763,90,116
6779,106,116
6781,108,116
6791,2,117
6793,4,117
6803,14,117
6823,34,117
6827,38,117
6829,40,117
6833,44,117
6841,52,117
6857,68,117
6863,74,117
6869,80,117
6871,82,117
6883,94,117
6899,110,117
6907,1,118
6911,5,118
6917,11,118
6947,41,118
6949,43,118
6959,53,118
6961,55,118
6967,61,118
6971,65,118
6977,71,118
6983,77,118
6991,85,118
6997,91,118
7001,95,118
7013,107,118
7019,113,118
7027,3,119
7039,15,119
7043,19,119
7057,33,119
7069,45,119
7079,55,119
7103,79,119
7109,85,119
7121,97,119
7127,103,119
7129,105,119
7151,8,120
7159,16,120
7177,34,120
7187,44,120
7193,50,120
7207,64,120
7211,68,120
7213,70,120
7219,76,120
7229,86,120
7237,94,120
7243,100,120
7247,104,120
7253,110,120
7283,20,121
7297,34,121
7307,44,121
7309,46,121
7321,58,121
7331,68,121
7333,70,121
7349,86,121
7351,88,121
7369,106,121
7393,9,122
7411,27,122
7417,33,122
7433,49,122
7451,67,122
7457,73,122
7459,75,122
7477,93,122
7481,97,122
7487,103,122
7489,105,122
7499,115,122
7507,1,123
7517,11,123
7523,17,123
7529,23,123
7537,31,123
7541,35,123
7547,41,123
7549,43,123
7559,53,123
7561,55,123
7573,67,123
7577,71,123
7583,77,123
7589,83,123
7591,85,123
7603,97,123
7607,101,123
7621,115,123
7639,10,124
7643,14,124
7649,20,124
7669,40,124
7673,44,124
7681,52,124
7687,58,124
7691,62,124
7699,70,124
7703,74,124
7717,88,124
7723,94,124
7727,98,124
7741,112,124
7753,0,125
7757,4,125
7759,6,125
7789,36,125
7793,40,125
7817,64,125
7823,70,125
7829,76,125
7841,88,125
7853,100,125
7867,114,125
7873,120,125
7877,124,125
7879,1,126
7883,5,126
7901,23,126
7907,29,126
7919,41,126
7927,49,126
7933,55,126
7937,59,126
7949,71,126
7951,73,126
7963,85,126
7993,115,126
8009,5,127
8011,7,127
8017,13,127
8039,35,127
8053,49,127
8059,55,127
8069,65,127
8081,77,127
8087,83,127
8089,85,127
8093,89,127
8101,97,127
8111,107,127
8117,113,127
8123,119,127
8147,16,128
8161,30,128
8167,36,128
8171,40,128
8179,48,128
8191,60,128
8209,78,128
8219,88,128
8221,90,128
8231,100,128
8233,102,128
8237,106,128
8243,112,128
8263,4,129
8269,10,129
8273,14,129
8287,28,129
8291,32,129
8293,34,129
8297,38,129
8311,52,129
8317,58,129
8329,70,129
8353,94,129
8363,104,129
8369,110,129
8377,118,129
8387,128,129
8389,1,130
8419,31,130
8423,35,130
8429,41,130
8431,43,130
8443,55,130
8447,59,130
8461,73,130
8467,79,130
8501,113,130
8513,125,130
8521,3,131
8527,9,131
8537,19,131
8539,21,131
8543,25,131
8563,45,131
8573,55,131
8581,63,131
8597,79,131
8599,81,131
8609,91,131
8623,105,131
8627,109,131
8629,111,131
8641,123,131
8647,129,131
8663,14,132
8669,20,132
8677,28,132
8681,32,132
8689,40,132
8693,44,132
8699,50,132
8707,58,132
8713,64,132
8719,70,132
8731,82,132
8737,88,132
8741,92,132
8747,98,132
8753,104,132
8761,112,132
8779,130,132
8783,2,133
8803,22,133
8807,26,133
8819,38,133
8821,40,133
8831,50,133
8837,56,133
8839,58,133
8849,68,133
8861,80,133
8863,82,133
8867,86,133
8887,106,133
8893,112,133
8923,9,134
8929,15,134
8933,19,134
8941,27,134
8951,37,134
8963,49,134
8969,55,134
8971,57,134
8999,85,134
9001,87,134
9007,93,134
9011,97,134
9013,99,134
9029,115,134
9041,127,134
9043,129,134
9049,1,135
9059,11,135
9067,19,135
9091,43,135
9103,55,135
9109,61,135
9127,79,135
9133,85,135
9137,89,135
9151,103,135
9157,109,135
9161,113,135
9173,125,135
9181,133,135
9187,4,136
9199,16,136
9203,20,136
9209,26,136
9221,38,136
9227,44,136
9239,56,136
9241,58,136
9257,74,136
9277,94,136
9281,98,136
9283,100,136
9293,110,136
9311,128,136
9319,0,137
9323,4,137
9337,18,137
9341,22,137
9343,24,137
9349,30,137
9371,52,137
9377,58,137
9391,72,137
9397,78,137
9403,84,137
9413,94,137
9419,100,137
9421,102,137
9431,112,137
9433,114,137
9437,118,137
9439,120,137
9461,5,138
9463,7,138
9467,11,138
9473,17,138
9479,23,138
9491,35,138
9497,41,138
9511,55,138
9521,65,138
9533,77,138
9539,83,138
9547,91,138
9551,95,138
9587,131,138
9601,7,139
9613,19,139
9619,25,139
9623,29,139
9629,35,139
9631,37,139
9643,49,139
9649,55,139
9661,67,139
9677,83,139
9679,85,139
9689,95,139
9697,103,139
9719,125,139
9721,127,139
9733,0,140
9739,6,140
9743,10,140
9749,16,140
9767,34,140
9769,36,140
9781,48,140
9787,54,140
9791,58,140
9803,70,140
9811,78,140
9817,84,140
9829,96,140
9833,100,140
9839,106,140
9851,118,140
9857,124,140
9859,126,140
9871,138,140
9883,10,141
9887,14,141
9901,28,141
9907,34,141
9923,50,141
9929,56,141
9931,58,141
9941,68,141
9949,76,141
9967,94,141
9973,100,141
10007,134,141
10009,136,141
10037,23,142
10039,25,142
10061,47,142
10067,53,142
10069,55,142
10079,65,142
10091,77,142
10093,79,142
10099,85,142
10103,89,142
10111,97,142
10133,119,142
10139,125,142
10141,127,142
10151,137,142
10159,3,143
10163,7,143
10169,13,143
10177,21,143
10181,25,143
10193,37,143
10211,55,143
10223,67,143
10243,87,143
10247,91,143
10253,97,143
10259,103,143
10267,111,143
10271,115,143
10273,117,143
10289,133,143
10301,2,144
10303,4,144
10313,14,144
10321,22,144
10331,32,144
10333,34,144
10337,38,144
10343,44,144
10357,58,144
10369,70,144
10391,92,144
10399,100,144
10427,128,144
10429,130,144
10433,134,144
10453,10,145
10457,14,145
10459,16,145
10463,20,145
10477,34,145
10487,44,145
10499,56,145
10501,58,145
10513,70,145
10529,86,145
10531,88,145
10559,116,145
10567,124,145
10589,1,146
10597,9,146
10601,13,146
10607,19,146
10613,25,146
10627,39,146
10631,43,146
10639,51,146
10651,63,146
10657,69,146
10663,75,146
10667,79,146
10687,99,146
10691,103,146
10709,121,146
10711,123,146
10723,135,146
10729,141,146
10733,145,146
10739,5,147
10753,19,147
10771,37,147
10781,47,147
10789,55,147
10799,65,147
10831,97,147
10837,103,147
10847,113,147
10853,119,147
10859,125,147
10861,127,147
10867,133,147
10883,2,148
10889,8,148
10891,10,148
10903,22,148
10909,28,148
10937,56,148
10939,58,148
10949,68,148
10957,76,148
10973,92,148
10979,98,148
10987,106,148
10993,112,148
11003,122,148
11027,146,148
11047,18,149
11057,28,149
11059,30,149
11069,40,149
11071,42,149
11083,54,149
11087,58,149
11093,64,149
11113,84,149
11117,88,149
11119,90,149
11131,102,149
11149,120,149
11159,130,149
11161,132,149
11171,142,149
11173,144,149
11177,148,149
11197,19,150
11213,35,150
11239,61,150
11243,65,150
11251,73,150
11257,79,150
11261,83,150
11273,95,150
11279,101,150
11287,109,150
11299,121,150
11311,133,150
11317,139,150
11321,143,150
11329,1,151
11351,23,151
11353,25,151
11369,41,151
11383,55,151
11393,65,151
11399,71,151
11411,83,151
11423,95,151
11437,109,151
11443,115,151
11447,119,151
11467,139,151
11471,143,151
11483,4,152
11489,10,152
11491,12,152
11497,18,152
11503,24,152
11519,40,152
11527,48,152
11549,70,152
11551,72,152
11579,100,152
11587,108,152
11593,114,152
11597,118,152
11617,138,152
11621,142,152
11633,2,153
11657,26,153
11677,46,153
11681,50,153
11689,58,153
11699,68,153
11701,70,153
11717,86,153
11719,88,153
11731,100,153
11743,112,153
11777,146,153
11779,148,153
11783,152,153
11789,5,154
11801,17,154
11807,23,154
11813,29,154
11821,37,154
11827,43,154
11831,47,154
11833,49,154
11839,55,154
11863,79,154
11867,83,154
11887,103,154
11897,113,154
11903,119,154
11909,125,154
11923,139,154
11927,143,154
11933,149,154
11939,1,155
11941,3,155
11953,15,155
11959,21,155
11969,31,155
11971,33,155
11981,43,155
11987,49,155
12007,69,155
12011,73,155
12037,99,155
12041,103,155
12043,105,155
12049,111,155
12071,133,155
12073,135,155
12097,4,156
12101,8,156
12107,14,156
12109,16,156
12113,20,156
12119,26,156
12143,50,156
12149,56,156
12157,64,156
12161,68,156
12163,70,156
12197,104,156
12203,110,156
12211,118,156
12227,134,156
12239,146,156
12241,148,156
12251,2,157
12253,4,157
12263,14,157
12269,20,157
12277,28,157
12281,32,157
12289,40,157
12301,52,157
12323,74,157
12329,80,157
12343,94,157
12347,98,157
12373,124,157
12377,128,157
12379,130,157
12391,142,157
12401,152,157
12409,3,158
12413,7,158
12421,15,158
12433,27,158
12437,31,158
12451,45,158
12457,51,158
12473,67,158
12479,73,158
12487,81,158
12491,85,158
12497,91,158
12503,97,158
12511,105,158
12517,111,158
12527,121,158
12539,133,158
12541,135,158
12547,141,158
12553,147,158
12569,5,159
12577,13,159
12583,19,159
12589,25,159
12601,37,159
12611,47,159
12613,49,159
12619,55,159
12637,73,159
12641,77,159
12647,83,159
12653,89,159
12659,95,159
12671,107,159
12689,125,159
12697,133,159
12703,139,159
12713,149,159
12721,157,159
12739,16,160
12743,20,160
12757,34,160
12763,40,160
12781,58,160
12791,68,160
12799,76,160
12809,86,160
12821,98,160
12823,100,160
12829,106,160
12841,118,160
12853,130,160
12889,6,161
12893,10,161
12899,16,161
12907,24,161
12911,28,161
12917,34,161
12919,36,161
12923,40,161
12941,58,161
12953,70,161
12959,76,161
12967,84,161
12973,90,161
12979,96,161
12983,100,161
13001,118,161
13003,120,161
13007,124,161
13009,126,161
13033,150,161
13037,154,161
13043,160,161
13049,5,162
13063,19,162
13093,49,162
13099,55,162
13103,59,162
13109,65,162
13121,77,162
13127,83,162
13147,103,162
13151,107,162
13159,115,162
13163,119,162
13171,127,162
13177,133,162
13183,139,162
13187,143,162
13217,11,163
13219,13,163
13229,23,163
13241,35,163
13249,43,163
13259,53,163
13267,61,163
13291,85,163
13297,91,163
13309,103,163
13313,107,163
13327,121,163
13331,125,163
13337,131,163
13339,133,163
13367,161,163
13381,12,164
13397,28,164
13399,30,164
13411,42,164
13417,48,164
13421,52,164
13441,72,164
13451,82,164
13457,88,164
13463,94,164
13469,100,164
13477,108,164
13487,118,164
13499,130,164
13513,144,164
13523,154,164
13537,4,165
13553,20,165
13567,34,165
13577,44,165
13591,58,165
13597,64,165
13613,80,165
13619,86,165
13627,94,165
13633,100,165
13649,116,165
13669,136,165
13679,146,165
13681,148,165
13687,154,165
13691,158,165
13693,160,165
13697,164,165
13709,11,166
13711,13,166
13721,23,166
13723,25,166
13729,31,166
13751,53,166
13757,59,166
13759,61,166
13763,65,166
13781,83,166
13789,91,166
13799,101,166
13807,109,166
13829,131,166
13831,133,166
13841,143,166
13859,161,166
13873,9,167
13877,13,167
13879,15,167
13883,19,167
13901,37,167
13903,39,167
13907,43,167
13913,49,167
13921,57,167
13931,67,167
13933,69,167
13963,99,167
13967,103,167
13997,133,167
13999,135,167
14009,145,167
14011,147,167
14029,165,167
14033,2,168
14051,20,168
14057,26,168
14071,40,168
14081,50,168
14083,52,168
14087,56,168
14107,76,168
14143,112,168
14149,118,168
14153,122,168
14159,128,168
14173,142,168
14177,146,168
14197,166,168
14207,8,169
14221,22,169
14243,44,169
14249,50,169
14251,52,169
14281,82,169
14293,94,169
14303,104,169
14321,122,169
14323,124,169
14327,128,169
14341,142,169
14347,148,169
14369,1,170
14387,19,170
14389,21,170
14401,33,170
14407,39,170
14411,43,170
14419,51,170
14423,55,170
14431,63,170
14437,69,170
14447,79,170
14449,81,170
14461,93,170
14479,111,170
14489,121,170
14503,135,170
14519,151,170
14533,165,170
14537,169,170
14543,5,171
14549,11,171
14551,13,171
14557,19,171
14561,23,171
14563,25,171
14591,53,171
14593,55,171
14621,83,171
14627,89,171
14629,91,171
14633,95,171
14639,101,171
14653,115,171
14657,119,171
14669,131,171
14683,145,171
14699,161,171
14713,4,172
14717,8,172
14723,14,172
14731,22,172
14737,28,172
14741,32,172
14747,38,172
14753,44,172
14759,50,172
14767,58,172
14771,62,172
14779,70,172
14783,74,172
14797,88,172
14813,104,172
14821,112,172
14827,118,172
14831,122,172
14843,134,172
14851,142,172
14867,158,172
14869,160,172
14879,170,172
14887,6,173
14891,10,173
14897,16,173
14923,42,173
14929,48,173
14939,58,173
14947,66,173
14951,70,173
14957,76,173
14969,88,173
14983,102,173
15013,132,173
15017,136,173
15031,150,173
15053,172,173
15061,7,174
15073,19,174
15077,23,174
15083,29,174
15091,37,174
15101,47,174
15107,53,174
15121,67,174
15131,77,174
15137,83,174
15139,85,174
15149,95,174
15161,107,174
15173,119,174
15187,133,174
15193,139,174
15199,145,174
15217,163,174
15227,173,174
15233,5,175
15241,13,175
15259,31,175
15263,35,175
15269,41,175
15271,43,175
15277,49,175
15287,59,175
15289,61,175
15299,71,175
15307,79,175
15313,85,175
15319,91,175
15329,101,175
15331,103,175
15349,121,175
15359,131,175
15361,133,175
15373,145,175
15377,149,175
15383,155,175
15391,163,175
15401,173,175
15413,10,176
15427,24,176
15439,36,176
15443,40,176
15451,48,176
15461,58,176
15467,64,176
15473,70,176
15493,90,176
15497,94,176
15511,108,176
15527,124,176
15541,138,176
15551,148,176
15559,156,176
15569,166,176
15581,2,177
15583,4,177
15601,22,177
15607,28,177
15619,40,177
15629,50,177
15641,62,177
15643,64,177
15647,68,177
15649,70,177
15661,82,177
15667,88,177
15671,92,177
15679,100,177
15683,104,177
15727,148,177
15731,152,177
15733,154,177
15737,158,177
15739,160,177
15749,170,177
15761,5,178
15767,11,178
15773,17,178
15787,31,178
15791,35,178
15797,41,178
15803,47,178
15809,53,178
15817,61,178
15823,67,178
15859,103,178
15877,121,178
15881,125,178
15887,131,178
15889,133,178
15901,145,178
15907,151,178
15913,157,178
15919,163,178
15923,167,178
15937,3,179
15959,25,179
15971,37,179
15973,39,179
15991,57,179
16001,67,179
16007,73,179
16033,99,179
16057,123,179
16061,127,179
16063,129,179
16067,133,179
16069,135,179
16073,139,179
16087,153,179
16091,157,179
16097,163,179
16103,169,179
16111,177,179
16127,14,180
16139,26,180
16141,28,180
16183,70,180
16187,74,180
16189,76,180
16193,80,180
16217,104,180
16223,110,180
16229,116,180
16231,118,180
16249,136,180
16253,140,180
16267,154,180
16273,160,180
16301,8,181
16319,26,181
16333,40,181
16339,46,181
16349,56,181
16361,68,181
16363,70,181
16369,76,181
16381,88,181
16411,118,181
16417,124,181
16421,128,181
16427,134,181
16433,140,181
16447,154,181
16451,158,181
16453,160,181
16477,3,182
16481,7,182
16487,13,182
16493,19,182
16519,45,182
16529,55,182
16547,73,182
16553,79,182
16561,87,182
16567,93,182
16573,99,182
16603,129,182
16607,133,182
16619,145,182
16631,157,182
16633,159,182
16649,175,182
16651,177,182
16657,1,183
16661,5,183
16673,17,183
16691,35,183
16693,37,183
16699,43,183
16703,47,183
16729,73,183
16741,85,183
16747,91,183
16759,103,183
16763,107,183
16787,131,183
16811,155,183
16823,167,183
16829,173,183
16831,175,183
16843,4,184
16871,32,184
16879,40,184
16883,44,184
16889,50,184
16901,62,184
16903,64,184
16921,82,184
16927,88,184
16931,92,184
16937,98,184
16943,104,184
16963,124,184
16979,140,184
16981,142,184
16987,148,184
16993,154,184
17011,172,184
17021,182,184
17027,4,185
17029,6,185
17033,10,185
17041,18,185
17047,24,185
17053,30,185
17077,54,185
17093,70,185
17099,76,185
17107,84,185
17117,94,185
17123,100,185
17137,114,185
17159,136,185
17167,144,185
17183,160,185
17189,166,185
17191,168,185
17203,180,185
17207,184,185
17209,1,186
17231,23,186
17239,31,186
17257,49,186
17291,83,186
17293,85,186
17299,91,186
17317,109,186
17321,113,186
17327,119,186
17333,125,186
17341,133,186
17351,143,186
17359,151,186
17377,169,186
17383,175,186
17387,179,186
17389,181,186
17393,185,186
17401,7,187
17417,23,187
17419,25,187
17431,37,187
17443,49,187
17449,55,187
17467,73,187
17471,77,187
17477,83,187
17483,89,187
17489,95,187
17491,97,187
17497,103,187
17509,115,187
17519,125,187
17539,145,187
17551,157,187
17569,175,187
17573,179,187
17579,185,187
17581,0,188
17597,16,188
17599,18,188
17609,28,188
17623,42,188
17627,46,188
17657,76,188
17659,78,188
17669,88,188
17681,100,188
17683,102,188
17707,126,188
17713,132,188
17729,148,188
17737,156,188
17747,166,188
17749,168,188
17761,180,188
17783,14,189
17789,20,189
17791,22,189
17807,38,189
17827,58,189
17837,68,189
17839,70,189
17851,82,189
17863,94,189
17881,112,189
17891,122,189
17903,134,189
17909,140,189
17911,142,189
17921,152,189
17923,154,189
17929,160,189
17939,170,189
17957,188,189
17959,1,190
17971,13,190
17977,19,190
17981,23,190
17987,29,190
17989,31,190
18013,55,190
18041,83,190
18043,85,190
18047,89,190
18049,91,190
18059,101,190
18061,103,190
18077,119,190
18089,131,190
18097,139,190
18119,161,190
18121,163,190
18127,169,190
18131,173,190
18133,175,190
18143,185,190
18149,1,191
18169,21,191
18181,33,191
18191,43,191
18199,51,191
18211,63,191
18217,69,191
18223,75,191
18229,81,191
18233,85,191
18251,103,191
18253,105,191
18257,109,191
18269,121,191
18287,139,191
18289,141,191
18301,153,191
18307,159,191
18311,163,191
18313,165,191
18329,181,191
18341,2,192
18353,14,192
18367,28,192
18371,32,192
18379,40,192
18397,58,192
18401,62,192
18413,74,192
18427,88,192
18433,94,192
18439,100,192
18443,104,192
18451,112,192
18457,118,192
18461,122,192
18481,142,192
18493,154,192
18503,164,192
18517,178,192
18521,182,192
18523,184,192
18539,8,193
18541,10,193
18553,22,193
18583,52,193
18587,56,193
18593,62,193
18617,86,193
18637,106,193
18661,130,193
18671,140,193
18679,148,193
18691,160,193
18701,170,193
18713,182,193
18719,188,193
18731,7,194
18743,19,194
18749,25,194
18757,33,194
18773,49,194
18787,63,194
18793,69,194
18797,73,194
18803,79,194
18839,115,194
18859,135,194
18869,145,194
18899,175,194
18911,187,194
18913,189,194
18917,193,194
18919,1,195
18947,29,195
18959,41,195
18973,55,195
18979,61,195
19001,83,195
19009,91,195
19013,95,195
19031,113,195
19037,119,195
19051,133,195
19069,151,195
19073,155,195
19079,161,195
19081,163,195
19087,169,195
19121,8,196
19139,26,196
19141,28,196
19157,44,196
19163,50,196
19181,68,196
19183,70,196
19207,94,196
19211,98,196
19213,100,196
19219,106,196
19231,118,196
19237,124,196
19249,136,196
19259,146,196
19267,154,196
19273,160,196
19289,176,196
19301,188,196
19309,0,197
19319,10,197
19333,24,197
19373,64,197
19379,70,197
19381,72,197
19387,78,197
19391,82,197
19403,94,197
19417,108,197
19421,112,197
19423,114,197
19427,118,197
19429,120,197
19433,124,197
19441,132,197
19447,138,197
19457,148,197
19463,154,197
19469,160,197
19471,162,197
19477,168,197
19483,174,197
19489,180,197
19501,192,197
19507,1,198
19531,25,198
19541,35,198
19543,37,198
19553,47,198
19559,53,198
19571,65,198
19577,71,198
19583,77,198
19597,91,198
19603,97,198
19609,103,198
19661,155,198
19681,175,198
19687,181,198
19697,191,198
19699,193,198
19709,5,199
19717,13,199
19727,23,199
19739,35,199
19751,47,199
19753,49,199
19759,55,199
19763,59,199
19777,73,199
19793,89,199
19801,97,199
19813,109,199
19819,115,199
19841,137,199
19843,139,199
19853,149,199
19861,157,199
19867,163,199
19889,185,199
19891,187,199
19913,10,200
19919,16,200
19927,24,200
19937,34,200
19949,46,200
19961,58,200
19963,60,200
19973,70,200
19979,76,200
19991,88,200
19993,90,200
19997,94,200
20011,108,200
20021,118,200
20023,120,200
20029,126,200
20047,144,200
20051,148,200
20063,160,200
20071,168,200
20089,186,200
20101,198,200
20107,4,201
20113,10,201
20117,14,201
20123,20,201
20129,26,201
20143,40,201
20147,44,201
20149,46,201
20161,58,201
20173,70,201
20177,74,201
20183,80,201
20201,98,201
20219,116,201
20231,128,201
20233,130,201
20249,146,201
20261,158,201
20269,166,201
20287,184,201
20297,194,201
20323,19,202
20327,23,202
20333,29,202
20341,37,202
20347,43,202
20353,49,202
20357,53,202
20359,55,202
20369,65,202
20389,85,202
20393,89,202
20399,95,202
20407,103,202
20411,107,202
20431,127,202
20441,137,202
20443,139,202
20477,173,202
20479,175,202
20483,179,202
20507,1,203
20509,3,203
20521,15,203
20533,27,203
20543,37,203
20549,43,203
20551,45,203
20563,57,203
20593,87,203
20599,93,203
20611,105,203
20627,121,203
20639,133,203
20641,135,203
20663,157,203
20681,175,203
20693,187,203
20707,201,203
20717,8,204
20719,10,204
20731,22,204
20743,34,204
20747,38,204
20749,40,204
20753,44,204
20759,50,204
20771,62,204
20773,64,204
20789,80,204
20807,98,204
20809,100,204
20849,140,204
20857,148,204
20873,164,204
20879,170,204
20887,178,204
20897,188,204
20899,190,204
20903,194,204
20921,8,205
20929,16,205
20939,26,205
20947,34,205
20959,46,205
20963,50,205
20981,68,205
20983,70,205
21001,88,205
21011,98,205
21013,100,205
21017,104,205
21019,106,205
21023,110,205
21031,118,205
21059,146,205
21061,148,205
21067,154,205
21089,176,205
21101,188,205
21107,194,205
21121,3,206
21139,21,206
21143,25,206
21149,31,206
21157,39,206
21163,45,206
21169,51,206
21179,61,206
21187,69,206
21191,73,206
21193,75,206
21211,93,206
21221,103,206
21227,109,206
21247,129,206
21269,151,206
21277,159,206
21283,165,206
21313,195,206
21317,199,206
21319,201,206
21323,205,206
21341,17,207
21347,23,207
21377,53,207
21379,55,207
21383,59,207
21391,67,207
21397,73,207
21401,77,207
21407,83,207
21419,95,207
21433,109,207
21467,143,207
21481,157,207
21487,163,207
21491,167,207
21493,169,207
21499,175,207
21503,179,207
21517,193,207
21521,197,207
21523,199,207
21529,205,207
21557,26,208
21559,28,208
21563,32,208
21569,38,208
21577,46,208
21587,56,208
21589,58,208
21599,68,208
21601,70,208
21611,80,208
21613,82,208
21617,86,208
21647,116,208
21649,118,208
21661,130,208
21673,142,208
21683,152,208
21701,170,208
21713,182,208
21727,196,208
21737,206,208
21739,0,209
21751,12,209
21757,18,209
21767,28,209
21773,34,209
21787,48,209
21799,60,209
21803,64,209
21817,78,209
21821,82,209
21839,100,209
21841,102,209
21851,112,209
21859,120,209
21863,124,209
21871,132,209
21881,142,209
21893,154,209
21911,172,209
21929,190,209
21937,198,209
21943,204,209
21961,13,210
21977,29,210
21991,43,210
21997,49,210
22003,55,210
22013,65,210
22027,79,210
22031,83,210
22037,89,210
22039,91,210
22051,103,210
22063,115,210
22067,119,210
22073,125,210
22079,131,210
22091,143,210
22093,145,210
22109,161,210
22111,163,210
22123,175,210
22129,181,210
22133,185,210
22147,199,210
22153,205,210
22157,209,210
22159,1,211
22171,13,211
22189,31,211
22193,35,211
22229,71,211
22247,89,211
22259,101,211
22271,113,211
22273,115,211
22277,119,211
22279,121,211
22283,125,211
22291,133,211
22303,145,211
22307,149,211
22343,185,211
22349,191,211
22367,209,211
22369,0,212
22381,12,212
22391,22,212
22397,28,212
22409,40,212
22433,64,212
22441,72,212
22447,78,212
22453,84,212
22469,100,212
22481,112,212
22483,114,212
22501,132,212
22511,142,212
22531,162,212
22541,172,212
22543,174,212
22549,180,212
22567,198,212
22571,202,212
22573,204,212
22613,32,213
22619,38,213
22621,40,213
22637,56,213
22639,58,213
22643,62,213
22651,70,213
22669,88,213
22679,98,213
22691,110,213
22697,116,213
22699,118,213
22709,128,213
22717,136,213
22721,140,213
22727,146,213
22739,158,213
22741,160,213
22751,170,213
22769,188,213
22777,196,213
22783,202,213
22787,206,213
22807,13,214
22811,17,214
22817,23,214
22853,59,214
22859,65,214
22861,67,214
22871,77,214
22877,83,214
22901,107,214
22907,113,214
22921,127,214
22937,143,214
22943,149,214
22961,167,214
22963,169,214
22973,179,214
22993,199,214
23003,209,214
23011,3,215
23017,9,215
23021,13,215
23027,19,215
23029,21,215
23039,31,215
23041,33,215
23053,45,215
23057,49,215
23059,51,215
23063,55,215
23071,63,215
23081,73,215
23087,79,215
23099,91,215
23117,109,215
23131,123,215
23143,135,215
23159,151,215
23167,159,215
23173,165,215
23189,181,215
23197,189,215
23201,193,215
23203,195,215
23209,201,215
23227,4,216
23251,28,216
23269,46,216
23279,56,216
23291,68,216
23293,70,216
23297,74,216
23311,88,216
23321,98,216
23327,104,216
23333,110,216
23339,116,216
23357,134,216
23369,146,216
23371,148,216
23399,176,216
23417,194,216
23431,208,216
23447,8,217
23459,20,217
23473,34,217
23497,58,217
23509,70,217
23531,92,217
23537,98,217
23539,100,217
23549,110,217
23557,118,217
23561,122,217
23563,124,217
23567,128,217
23581,142,217
23593,154,217
23599,160,217
23603,164,217
23609,170,217
23623,184,217
23627,188,217
23629,190,217
23633,194,217
23663,7,218
23669,13,218
23671,15,218
23677,21,218
23687,31,218
23689,33,218
23719,63,218
23741,85,218
23743,87,218
23747,91,218
23753,97,218
23761,105,218
23767,111,218
23773,117,218
23789,133,218
23801,145,218
23813,157,218
23819,163,218
23827,171,218
23831,175,218
23833,177,218
23857,201,218
23869,213,218
23873,217,218
23879,5,219
23887,13,219
23893,19,219
23899,25,219
23909,35,219
23911,37,219
23917,43,219
23929,55,219
23957,83,219
23971,97,219
23977,103,219
23981,107,219
23993,119,219
24001,127,219
24007,133,219
24019,145,219
24023,149,219
24029,155,219
24043,169,219
24049,175,219
24061,187,219
24071,197,219
24077,203,219
24083,209,219
24091,217,219
24097,4,220
24103,10,220
24107,14,220
24109,16,220
24113,20,220
24121,28,220
24133,40,220
24137,44,220
24151,58,220
24169,76,220
24179,86,220
24181,88,220
24197,104,220
24203,110,220
24223,130,220
24229,136,220
24239,146,220
24247,154,220
24251,158,220
24281,188,220
24317,4,221
24329,16,221
24337,24,221
24359,46,221
24371,58,221
24373,60,221
24379,66,221
24391,78,221
24407,94,221
24413,100,221
24419,106,221
24421,108,221
24439,126,221
24443,130,221
24469,156,221
24473,160,221
24481,168,221
24499,186,221
24509,196,221
24517,204,221
24527,214,221
24533,220,221
24547,13,222
24551,17,222
24571,37,222
24593,59,222
24611,77,222
24623,89,222
24631,97,222
24659,125,222
24671,137,222
24677,143,222
24683,149,222
24691,157,222
24697,163,222
24709,175,222
24733,199,222
24749,215,222
24763,7,223
24767,11,223
24781,25,223
24793,37,223
24799,43,223
24809,53,223
24821,65,223
24841,85,223
24847,91,223
24851,95,223
24859,103,223
24877,121,223
24889,133,223
24907,151,223
24917,161,223
24919,163,223
24923,167,223
24943,187,223
24953,197,223
24967,211,223
24971,215,223
24977,221,223
24979,0,224
24989,10,224
25013,34,224
25031,52,224
25033,54,224
25037,58,224
25057,78,224
25073,94,224
25087,108,224
25097,118,224
25111,132,224
25117,138,224
25121,142,224
25127,148,224
25147,168,224
25153,174,224
25163,184,224
25169,190,224
25171,192,224
25183,204,224
25189,210,224
25219,16,225
25229,26,225
25237,34,225
25243,40,225
25247,44,225
25253,50,225
25261,58,225
25301,98,225
25303,100,225
25307,104,225
25309,106,225
25321,118,225
25339,136,225
25343,140,225
25349,146,225
25357,154,225
25367,164,225
25373,170,225
25391,188,225
25409,206,225
25411,208,225
25423,220,225
25439,11,226
25447,19,226
25453,25,226
25457,29,226
25463,35,226
25469,41,226
25471,43,226
25523,95,226
25537,109,226
25541,113,226
25561,133,226
25577,149,226
25579,151,226
25583,155,226
25589,161,226
25601,173,226
25603,175,226
25609,181,226
25621,193,226
25633,205,226
25639,211,226
25643,215,226
25657,3,227
25667,13,227
25673,19,227
25679,25,227
25693,39,227
25703,49,227
25717,63,227
25733,79,227
25741,87,227
25747,93,227
25759,105,227
25763,109,227
25771,117,227
25793,139,227
25799,145,227
25801,147,227
25819,165,227
25841,187,227
25847,193,227
25849,195,227
25867,213,227
25873,219,227
25889,8,228
25903,22,228
25913,32,228
25919,38,228
25931,50,228
25933,52,228
25939,58,228
25943,62,228
25951,70,228
25969,88,228
25981,100,228
25997,116,228
25999,118,228
26003,122,228
26017,136,228
26021,140,228
26029,148,228
26041,160,228
26053,172,228
26083,202,228
26099,218,228
26107,226,228
26111,2,229
26113,4,229
26119,10,229
26141,32,229
26153,44,229
26161,52,229
26171,62,229
26177,68,229
26183,74,229
26189,80,229
26203,94,229
26209,100,229
26227,118,229
26237,128,229
26249,140,229
26251,142,229
26261,152,229
26263,154,229
26267,158,229
26293,184,229
26297,188,229
26309,200,229
26317,208,229
26321,212,229
26339,1,230
26347,9,230
26357,19,230
26371,33,230
26387,49,230
26393,55,230
26399,61,230
26407,69,230
26417,79,230
26423,85,230
26431,93,230
26437,99,230
26449,111,230
26459,121,230
26479,141,230
26489,151,230
26497,159,230
26501,163,230
26513,175,230
26539,201,230
26557,219,230
26561,223,230
26573,5,231
26591,23,231
26597,29,231
26627,59,231
26633,65,231
26641,73,231
26647,79,231
26669,101,231
26681,113,231
26683,115,231
26687,119,231
26693,125,231
26699,131,231
26701,133,231
26711,143,231
26713,145,231
26717,149,231
26723,155,231
26729,161,231
26731,163,231
26737,169,231
26759,191,231
26777,209,231
26783,215,231
26801,2,232
26813,14,232
26821,22,232
26833,34,232
26839,40,232
26849,50,232
26861,62,232
26863,64,232
26879,80,232
26881,82,232
26891,92,232
26893,94,232
26903,104,232
26921,122,232
26927,128,232
26947,148,232
26951,152,232
26953,154,232
26959,160,232
26981,182,232
26987,188,232
26993,194,232
27011,212,232
27017,218,232
27031,0,233
27043,12,233
27059,28,233
27061,30,233
27067,36,233
27073,42,233
27077,46,233
27091,60,233
27103,72,233
27107,76,233
27109,78,233
27127,96,233
27143,112,233
27179,148,233
27191,160,233
27197,166,233
27211,180,233
27239,208,233
27241,210,233
27253,222,233
27259,228,233
27271,7,234
27277,13,234
27281,17,234
27283,19,234
27299,35,234
27329,65,234
27337,73,234
27361,97,234
27367,103,234
27397,133,234
27407,143,234
27409,145,234
27427,163,234
27431,167,234
27437,173,234
27449,185,234
27457,193,234
27479,215,234
27481,217,234
27487,223,234
27509,11,235
27527,29,235
27529,31,235
27539,41,235
27541,43,235
27551,53,235
27581,83,235
27583,85,235
27611,113,235
27617,119,235
27631,133,235
27647,149,235
27653,155,235
27673,175,235
27689,191,235
27691,193,235
27697,199,235
27701,203,235
27733,0,236
27737,4,236
27739,6,236
27743,10,236
27749,16,236
27751,18,236
27763,30,236
27767,34,236
27773,40,236
27779,46,236
27791,58,236
27793,60,236
27799,66,236
27803,70,236
27809,76,236
27817,84,236
27823,90,236
27827,94,236
27847,114,236
27851,118,236
27883,150,236
27893,160,236
27901,168,236
27917,184,236
27919,186,236
27941,208,236
27943,210,236
27947,214,236
27953,220,236
27961,228,236
27967,234,236
27983,14,237
27997,28,237
28001,32,237
28019,50,237
28027,58,237
28031,62,237
28051,82,237
28057,88,237
28069,100,237
28081,112,237
28087,118,237
28097,128,237
28099,130,237
28109,140,237
28111,142,237
28123,154,237
28151,182,237
28163,194,237
28181,212,237
28183,214,237
28201,232,237
28211,5,238
28219,13,238
28229,23,238
28277,71,238
28279,73,238
28283,77,238
28289,83,238
28297,91,238
28307,101,238
28309,103,238
28319,113,238
28349,143,238
28351,145,238
28387,181,238
28393,187,238
28403,197,238
28409,203,238
28411,205,238
28429,223,238
28433,227,238
28439,233,238
