2,0,0
3,1,0
5,3,0
7,5,0
11,9,0
13,11,0
17,15,0
19,17,0
23,21,0
29,27,0
31,29,0
37,35,0
41,39,0
43,41,0
47,45,0
53,1,1
59,7,1
61,9,1
67,15,1
71,19,1
73,21,1
79,27,1
83,31,1
89,37,1
97,45,1
101,49,1
103,1,2
107,5,2
109,7,2
113,11,2
127,25,2
131,29,2
137,35,2
139,37,2
149,47,2
151,49,2
157,5,3
163,11,3
167,15,3
173,21,3
179,27,3
181,29,3
191,39,3
193,41,3
197,45,3
199,47,3
211,9,4
223,21,4
227,25,4
229,27,4
233,31,4
239,37,4
241,39,4
251,49,4
257,5,5
263,11,5
269,17,5
271,19,5
277,25,5
281,29,5
283,31,5
293,41,5
307,5,6
311,9,6
313,11,6
317,15,6
331,29,6
337,35,6
347,45,6
349,47,6
353,1,7
359,7,7
367,15,7
373,21,7
379,27,7
383,31,7
389,37,7
397,45,7
401,49,7
409,7,8
419,17,8
421,19,8
431,29,8
433,31,8
439,37,8
443,41,8
449,47,8
457,5,9
461,9,9
463,11,9
467,15,9
479,27,9
487,35,9
491,39,9
499,47,9
503,1,10
509,7,10
521,19,10
523,21,10
541,39,10
547,45,10
557,5,11
563,11,11
569,17,11
571,19,11
577,25,11
587,35,11
593,41,11
599,47,11
601,49,11
607,5,12
613,11,12
617,15,12
619,17,12
631,29,12
641,39,12
643,41,12
647,45,12
653,1,13
659,7,13
661,9,13
673,21,13
677,25,13
683,31,13
691,39,13
701,49,13
709,7,14
719,17,14
727,25,14
733,31,14
739,37,14
743,41,14
751,49,14
757,5,15
761,9,15
769,17,15
773,21,15
787,35,15
797,45,15
809,7,16
811,9,16
821,19,16
823,21,16
827,25,16
829,27,16
839,37,16
853,1,17
857,5,17
859,7,17
863,11,17
877,25,17
881,29,17
883,31,17
887,35,17
907,5,18
911,9,18
919,17,18
929,27,18
937,35,18
941,39,18
947,45,18
953,1,19
967,15,19
971,19,19
977,25,19
983,31,19
991,39,19
997,45,19
1009,7,20
1013,11,20
1019,17,20
1021,19,20
1031,29,20
1033,31,20
1039,37,20
1049,47,20
1051,49,20
1061,9,21
1063,11,21
1069,17,21
1087,35,21
1091,39,21
1093,41,21
1097,45,21
1103,1,22
1109,7,22
1117,15,22
1123,21,22
1129,27,22
1151,49,22
1153,1,23
1163,11,23
1171,19,23
1181,29,23
1187,35,23
1193,41,23
1201,49,23
1213,11,24
1217,15,24
1223,21,24
1229,27,24
1231,29,24
1237,35,24
1249,47,24
1259,7,25
1277,25,25
1279,27,25
1283,31,25
1289,37,25
1291,39,25
1297,45,25
1301,49,25
1303,1,26
1307,5,26
1319,17,26
1321,19,26
1327,25,26
1361,9,27
1367,15,27
1373,21,27
1381,29,27
1399,47,27
1409,7,28
1423,21,28
1427,25,28
1429,27,28
1433,31,28
1439,37,28
1447,45,28
1451,49,28
1453,1,29
1459,7,29
1471,19,29
1481,29,29
1483,31,29
1487,35,29
1489,37,29
1493,41,29
1499,47,29
1511,9,30
1523,21,30
1531,29,30
1543,41,30
1549,47,30
1553,1,31
1559,7,31
1567,15,31
1571,19,31
1579,27,31
1583,31,31
1597,45,31
1601,49,31
1607,5,32
1609,7,32
1613,11,32
1619,17,32
1621,19,32
1627,25,32
1637,35,32
1657,5,33
1663,11,33
1667,15,33
1669,17,33
1693,41,33
1697,45,33
1699,47,33
1709,7,34
1721,19,34
1723,21,34
1733,31,34
1741,39,34
1747,45,34
1753,1,35
1759,7,35
1777,25,35
1783,31,35
1787,35,35
1789,37,35
1801,49,35
1811,9,36
1823,21,36
1831,29,36
1847,45,36
1861,9,37
1867,15,37
1871,19,37
1873,21,37
1877,25,37
1879,27,37
1889,37,37
1901,49,37
1907,5,38
1913,11,38
1931,29,38
1933,31,38
1949,47,38
1951,49,38
1973,21,39
1979,27,39
1987,35,39
1993,41,39
1997,45,39
1999,47,39
2003,1,40
2011,9,40
2017,15,40
2027,25,40
2029,27,40
2039,37,40
2053,1,41
2063,11,41
2069,17,41
2081,29,41
2083,31,41
2087,35,41
2089,37,41
2099,47,41
2111,9,42
2113,11,42
2129,27,42
2131,29,42
2137,35,42
2141,39,42
2143,41,42
2153,1,43
2161,9,43
2179,27,43
2203,1,44
2207,5,44
2213,11,44
2221,19,44
2237,35,44
2239,37,44
2243,41,44
2251,49,44
2267,15,45
2269,17,45
2273,21,45
2281,29,45
2287,35,45
2293,41,45
2297,45,45
2309,7,46
2311,9,46
2333,31,46
2339,37,46
2341,39,46
2347,45,46
2351,49,46
2357,5,47
2371,19,47
2377,25,47
2381,29,47
2383,31,47
2389,37,47
2393,41,47
2399,47,47
2411,9,48
2417,15,48
2423,21,48
2437,35,48
2441,39,48
2447,45,48
2459,7,49
2467,15,49
2473,21,49
2477,25,49
2503,1,50
2521,19,50
2531,29,50
2539,37,50
2543,41,50
2549,47,50
2551,49,50
2557,5,51
2579,27,51
2591,39,51
2593,41,51
2609,7,52
2617,15,52
2621,19,52
2633,31,52
2647,45,52
2657,5,53
2659,7,53
2663,11,53
2671,19,53
2677,25,53
2683,31,53
2687,35,53
2689,37,53
2693,41,53
2699,47,53
2707,5,54
2711,9,54
2713,11,54
2719,17,54
2729,27,54
2731,29,54
2741,39,54
2749,47,54
2753,1,55
2767,15,55
2777,25,55
2789,37,55
2791,39,55
2797,45,55
2801,49,55
2803,1,56
2819,17,56
2833,31,56
2837,35,56
2843,41,56
2851,49,56
2857,5,57
2861,9,57
2879,27,57
2887,35,57
2897,45,57
2903,1,58
2909,7,58
2917,15,58
2927,25,58
2939,37,58
2953,1,59
2957,5,59
2963,11,59
2969,17,59
2971,19,59
2999,47,59
3001,49,59
3011,9,60
3019,17,60
3023,21,60
3037,35,60
3041,39,60
3049,47,60
3061,9,61
3067,15,61
3079,27,61
3083,31,61
3089,37,61
3109,7,62
3119,17,62
3121,19,62
3137,35,62
3163,11,63
3167,15,63
3169,17,63
3181,29,63
3187,35,63
3191,39,63
3203,1,64
3209,7,64
3217,15,64
3221,19,64
3229,27,64
3251,49,64
3253,1,65
3257,5,65
3259,7,65
3271,19,65
3299,47,65
3301,49,65
3307,5,66
3313,11,66
3319,17,66
3323,21,66
3329,27,66
3331,29,66
3343,41,66
3347,45,66
3359,7,67
3361,9,67
3371,19,67
3373,21,67
3389,37,67
3391,39,67
3407,5,68
3413,11,68
3433,31,68
3449,47,68
3457,5,69
3461,9,69
3463,11,69
3467,15,69
3469,17,69
3491,39,69
3499,47,69
3511,9,70
3517,15,70
3527,25,70
3529,27,70
3533,31,70
3539,37,70
3541,39,70
3547,45,70
3557,5,71
3559,7,71
3571,19,71
3581,29,71
3583,31,71
3593,41,71
3607,5,72
3613,11,72
3617,15,72
3623,21,72
3631,29,72
3637,35,72
3643,41,72
3659,7,73
3671,19,73
3673,21,73
3677,25,73
3691,39,73
3697,45,73
3701,49,73
3709,7,74
3719,17,74
3727,25,74
3733,31,74
3739,37,74
3761,9,75
3767,15,75
3769,17,75
3779,27,75
3793,41,75
3797,45,75
3803,1,76
3821,19,76
3823,21,76
3833,31,76
3847,45,76
3851,49,76
3853,1,77
3863,11,77
3877,25,77
3881,29,77
3889,37,77
3907,5,78
3911,9,78
3917,15,78
3919,17,78
3923,21,78
3929,27,78
3931,29,78
3943,41,78
3947,45,78
3967,15,79
3989,37,79
4001,49,79
4003,1,80
4007,5,80
4013,11,80
4019,17,80
4021,19,80
4027,25,80
4049,47,80
4051,49,80
4057,5,81
4073,21,81
4079,27,81
4091,39,81
4093,41,81
4099,47,81
4111,9,82
4127,25,82
4129,27,82
4133,31,82
4139,37,82
4153,1,83
4157,5,83
4159,7,83
4177,25,83
4201,49,83
4211,9,84
4217,15,84
4219,17,84
4229,27,84
4231,29,84
4241,39,84
4243,41,84
4253,1,85
4259,7,85
4261,9,85
4271,19,85
4273,21,85
4283,31,85
4289,37,85
4297,45,85
4327,25,86
4337,35,86
4339,37,86
4349,47,86
4357,5,87
4363,11,87
4373,21,87
4391,39,87
4397,45,87
4409,7,88
4421,19,88
4423,21,88
4441,39,88
4447,45,88
4451,49,88
4457,5,89
4463,11,89
4481,29,89
4483,31,89
4493,41,89
4507,5,90
4513,11,90
4517,15,90
4519,17,90
4523,21,90
4547,45,90
4549,47,90
4561,9,91
4567,15,91
4583,31,91
4591,39,91
4597,45,91
4603,1,92
4621,19,92
4637,35,92
4639,37,92
4643,41,92
4649,47,92
4651,49,92
4657,5,93
4663,11,93
4673,21,93
4679,27,93
4691,39,93
4703,1,94
4721,19,94
4723,21,94
4729,27,94
4733,31,94
4751,49,94
4759,7,95
4783,31,95
4787,35,95
4789,37,95
4793,41,95
4799,47,95
4801,49,95
4813,11,96
4817,15,96
4831,29,96
4861,9,97
4871,19,97
4877,25,97
4889,37,97
4903,1,98
4909,7,98
4919,17,98
4931,29,98
4933,31,98
4937,35,98
4943,41,98
4951,49,98
4957,5,99
4967,15,99
4969,17,99
4973,21,99
4987,35,99
4993,41,99
4999,47,99
5003,1,100
5009,7,100
5011,9,100
5021,19,100
5023,21,100
5039,37,100
5051,49,100
5059,7,101
5077,25,101
5081,29,101
5087,35,101
5099,47,101
5101,49,101
5107,5,102
5113,11,102
5119,17,102
5147,45,102
5153,1,103
5167,15,103
5171,19,103
5179,27,103
5189,37,103
5197,45,103
5209,7,104
5227,25,104
5231,29,104
5233,31,104
5237,35,104
5261,9,105
5273,21,105
5279,27,105
5281,29,105
5297,45,105
5303,1,106
5309,7,106
5323,21,106
5333,31,106
5347,45,106
5351,49,106
5381,29,107
5387,35,107
5393,41,107
5399,47,107
5407,5,108
5413,11,108
5417,15,108
5419,17,108
5431,29,108
5437,35,108
5441,39,108
5443,41,108
5449,47,108
5471,19,109
5477,25,109
5479,27,109
5483,31,109
5501,49,109
5503,1,110
5507,5,110
5519,17,110
5521,19,110
5527,25,110
5531,29,110
5557,5,111
5563,11,111
5569,17,111
5573,21,111
5581,29,111
5591,39,111
5623,21,112
5639,37,112
5641,39,112
5647,45,112
5651,49,112
5653,1,113
5657,5,113
5659,7,113
5669,17,113
5683,31,113
5689,37,113
5693,41,113
5701,49,113
5711,9,114
5717,15,114
5737,35,114
5741,39,114
5743,41,114
5749,47,114
5779,27,115
5783,31,115
5791,39,115
5801,49,115
5807,5,116
5813,11,116
5821,19,116
5827,25,116
5839,37,116
5843,41,116
5849,47,116
5851,49,116
5857,5,117
5861,9,117
5867,15,117
5869,17,117
5879,27,117
5881,29,117
5897,45,117
5903,1,118
5923,21,118
5927,25,118
5939,37,118
5953,1,119
5981,29,119
5987,35,119
6007,5,120
6011,9,120
6029,27,120
6037,35,120
6043,41,120
6047,45,120
6053,1,121
6067,15,121
6073,21,121
6079,27,121
6089,37,121
6091,39,121
6101,49,121
6113,11,122
6121,19,122
6131,29,122
6133,31,122
6143,41,122
6151,49,122
6163,11,123
6173,21,123
6197,45,123
6199,47,123
6203,1,124
6211,9,124
6217,15,124
6221,19,124
6229,27,124
6247,45,124
6257,5,125
6263,11,125
6269,17,125
6271,19,125
6277,25,125
6287,35,125
6299,47,125
6301,49,125
6311,9,126
6317,15,126
6323,21,126
6329,27,126
6337,35,126
6343,41,126
6353,1,127
6359,7,127
6361,9,127
6367,15,127
6373,21,127
6379,27,127
6389,37,127
6397,45,127
6421,19,128
6427,25,128
6449,47,128
6451,49,128
6469,17,129
6473,21,129
6481,29,129
6491,39,129
6521,19,130
6529,27,130
6547,45,130
6551,49,130
6553,1,131
6563,11,131
6569,17,131
6571,19,131
6577,25,131
6581,29,131
6599,47,131
6607,5,132
6619,17,132
6637,35,132
6653,1,133
6659,7,133
6661,9,133
6673,21,133
6679,27,133
6689,37,133
6691,39,133
6701,49,133
6703,1,134
6709,7,134
6719,17,134
6733,31,134
6737,35,134
6761,9,135
6763,11,135
6779,27,135
6781,29,135
6791,39,135
6793,41,135
6803,1,136
6823,21,136
6827,25,136
6829,27,136
6833,31,136
6841,39,136
6857,5,137
6863,11,137
6869,17,137
6871,19,137
6883,31,137
6899,47,137
6907,5,138
6911,9,138
6917,15,138
6947,45,138
6949,47,138
6959,7,139
6961,9,139
6967,15,139
6971,19,139
6977,25,139
6983,31,139
6991,39,139
6997,45,139
7001,49,139
7013,11,140
7019,17,140
7027,25,140
7039,37,140
7043,41,140
7057,5,141
7069,17,141
7079,27,141
7103,1,142
7109,7,142
7121,19,142
7127,25,142
7129,27,142
7151,49,142
7159,7,143
7177,25,143
7187,35,143
7193,41,143
7207,5,144
7211,9,144
7213,11,144
7219,17,144
7229,27,144
7237,35,144
7243,41,144
7247,45,144
7253,1,145
7283,31,145
7297,45,145
7307,5,146
7309,7,146
7321,19,146
7331,29,146
7333,31,146
7349,47,146
7351,49,146
7369,17,147
7393,41,147
7411,9,148
7417,15,148
7433,31,148
7451,49,148
7457,5,149
7459,7,149
7477,25,149
7481,29,149
7487,35,149
7489,37,149
7499,47,149
7507,5,150
7517,15,150
7523,21,150
7529,27,150
7537,35,150
7541,39,150
7547,45,150
7549,47,150
7559,7,151
7561,9,151
7573,21,151
7577,25,151
7583,31,151
7589,37,151
7591,39,151
7603,1,152
7607,5,152
7621,19,152
7639,37,152
7643,41,152
7649,47,152
7669,17,153
7673,21,153
7681,29,153
7687,35,153
7691,39,153
7699,47,153
7703,1,154
7717,15,154
7723,21,154
7727,25,154
7741,39,154
7753,1,155
7757,5,155
7759,7,155
7789,37,155
7793,41,155
7817,15,156
7823,21,156
7829,27,156
7841,39,156
7853,1,157
7867,15,157
7873,21,157
7877,25,157
7879,27,157
7883,31,157
7901,49,157
7907,5,158
7919,17,158
7927,25,158
7933,31,158
7937,35,158
7949,47,158
7951,49,158
7963,11,159
7993,41,159
8009,7,160
8011,9,160
8017,15,160
8039,37,160
8053,1,161
8059,7,161
8069,17,161
8081,29,161
8087,35,161
8089,37,161
8093,41,161
8101,49,161
8111,9,162
8117,15,162
8123,21,162
8147,45,162
8161,9,163
8167,15,163
8171,19,163
8179,27,163
8191,39,163
8209,7,164
8219,17,164
8221,19,164
8231,29,164
8233,31,164
8237,35,164
8243,41,164
8263,11,165
8269,17,165
8273,21,165
8287,35,165
8291,39,165
8293,41,165
8297,45,165
8311,9,166
8317,15,166
8329,27,166
8353,1,167
8363,11,167
8369,17,167
8377,25,167
8387,35,167
8389,37,167
8419,17,168
8423,21,168
8429,27,168
8431,29,168
8443,41,168
8447,45,168
8461,9,169
8467,15,169
8501,49,169
8513,11,170
8521,19,170
8527,25,170
8537,35,170
8539,37,170
8543,41,170
8563,11,171
8573,21,171
8581,29,171
8597,45,171
8599,47,171
8609,7,172
8623,21,172
8627,25,172
8629,27,172
8641,39,172
8647,45,172
8663,11,173
8669,17,173
8677,25,173
8681,29,173
8689,37,173
8693,41,173
8699,47,173
8707,5,174
8713,11,174
8719,17,174
8731,29,174
8737,35,174
8741,39,174
8747,45,174
8753,1,175
8761,9,175
8779,27,175
8783,31,175
8803,1,176
8807,5,176
8819,17,176
8821,19,176
8831,29,176
8837,35,176
8839,37,176
8849,47,176
8861,9,177
8863,11,177
8867,15,177
8887,35,177
8893,41,177
8923,21,178
8929,27,178
8933,31,178
8941,39,178
8951,49,178
8963,11,179
8969,17,179
8971,19,179
8999,47,179
9001,49,179
9007,5,180
9011,9,180
9013,11,180
9029,27,180
9041,39,180
9043,41,180
9049,47,180
9059,7,181
9067,15,181
9091,39,181
9103,1,182
9109,7,182
9127,25,182
9133,31,182
9137,35,182
9151,49,182
9157,5,183
9161,9,183
9173,21,183
9181,29,183
9187,35,183
9199,47,183
9203,1,184
9209,7,184
9221,19,184
9227,25,184
9239,37,184
9241,39,184
9257,5,185
9277,25,185
9281,29,185
9283,31,185
9293,41,185
9311,9,186
9319,17,186
9323,21,186
9337,35,186
9341,39,186
9343,41,186
9349,47,186
9371,19,187
9377,25,187
9391,39,187
9397,45,187
9403,1,188
9413,11,188
9419,17,188
9421,19,188
9431,29,188
9433,31,188
9437,35,188
9439,37,188
9461,9,189
9463,11,189
9467,15,189
9473,21,189
9479,27,189
9491,39,189
9497,45,189
9511,9,190
9521,19,190
9533,31,190
9539,37,190
9547,45,190
9551,49,190
9587,35,191
9601,49,191
9613,11,192
9619,17,192
9623,21,192
9629,27,192
9631,29,192
9643,41,192
9649,47,192
9661,9,193
9677,25,193
9679,27,193
9689,37,193
9697,45,193
9719,17,194
9721,19,194
9733,31,194
9739,37,194
9743,41,194
9749,47,194
9767,15,195
9769,17,195
9781,29,195
9787,35,195
9791,39,195
9803,1,196
9811,9,196
9817,15,196
9829,27,196
9833,31,196
9839,37,196
9851,49,196
9857,5,197
9859,7,197
9871,19,197
9883,31,197
9887,35,197
9901,49,197
9907,5,198
9923,21,198
9929,27,198
9931,29,198
9941,39,198
9949,47,198
9967,15,199
9973,21,199
10007,5,200
10009,7,200
10037,35,200
10039,37,200
10061,9,201
10067,15,201
10069,17,201
10079,27,201
10091,39,201
10093,41,201
10099,47,201
10103,1,202
10111,9,202
10133,31,202
10139,37,202
10141,39,202
10151,49,202
10159,7,203
10163,11,203
10169,17,203
10177,25,203
10181,29,203
10193,41,203
10211,9,204
10223,21,204
10243,41,204
10247,45,204
10253,1,205
10259,7,205
10267,15,205
10271,19,205
10273,21,205
10289,37,205
10301,49,205
10303,1,206
10313,11,206
10321,19,206
10331,29,206
10333,31,206
10337,35,206
10343,41,206
10357,5,207
10369,17,207
10391,39,207
10399,47,207
10427,25,208
10429,27,208
10433,31,208
10453,1,209
10457,5,209
10459,7,209
10463,11,209
10477,25,209
10487,35,209
10499,47,209
10501,49,209
10513,11,210
10529,27,210
10531,29,210
10559,7,211
10567,15,211
10589,37,211
10597,45,211
10601,49,211
10607,5,212
10613,11,212
10627,25,212
10631,29,212
10639,37,212
10651,49,212
10657,5,213
10663,11,213
10667,15,213
10687,35,213
10691,39,213
10709,7,214
10711,9,214
10723,21,214
10729,27,214
10733,31,214
10739,37,214
10753,1,215
10771,19,215
10781,29,215
10789,37,215
10799,47,215
10831,29,216
10837,35,216
10847,45,216
10853,1,217
10859,7,217
10861,9,217
10867,15,217
10883,31,217
10889,37,217
10891,39,217
10903,1,218
10909,7,218
10937,35,218
10939,37,218
10949,47,218
10957,5,219
10973,21,219
10979,27,219
10987,35,219
10993,41,219
11003,1,220
11027,25,220
11047,45,220
11057,5,221
11059,7,221
11069,17,221
11071,19,221
11083,31,221
11087,35,221
11093,41,221
11113,11,222
11117,15,222
11119,17,222
11131,29,222
11149,47,222
11159,7,223
11161,9,223
11171,19,223
11173,21,223
11177,25,223
11197,45,223
11213,11,224
11239,37,224
11243,41,224
11251,49,224
11257,5,225
11261,9,225
11273,21,225
11279,27,225
11287,35,225
11299,47,225
11311,9,226
11317,15,226
11321,19,226
11329,27,226
11351,49,226
11353,1,227
11369,17,227
11383,31,227
11393,41,227
11399,47,227
11411,9,228
11423,21,228
11437,35,228
11443,41,228
11447,45,228
11467,15,229
11471,19,229
11483,31,229
11489,37,229
11491,39,229
11497,45,229
11503,1,230
11519,17,230
11527,25,230
11549,47,230
11551,49,230
11579,27,231
11587,35,231
11593,41,231
11597,45,231
11617,15,232
11621,19,232
11633,31,232
11657,5,233
11677,25,233
11681,29,233
11689,37,233
11699,47,233
11701,49,233
11717,15,234
11719,17,234
11731,29,234
11743,41,234
11777,25,235
11779,27,235
11783,31,235
11789,37,235
11801,49,235
11807,5,236
11813,11,236
11821,19,236
11827,25,236
11831,29,236
11833,31,236
11839,37,236
11863,11,237
11867,15,237
11887,35,237
11897,45,237
11903,1,238
11909,7,238
11923,21,238
11927,25,238
11933,31,238
11939,37,238
11941,39,238
11953,1,239
11959,7,239
11969,17,239
11971,19,239
11981,29,239
11987,35,239
12007,5,240
12011,9,240
12037,35,240
12041,39,240
12043,41,240
12049,47,240
12071,19,241
12073,21,241
12097,45,241
12101,49,241
12107,5,242
12109,7,242
12113,11,242
12119,17,242
12143,41,242
12149,47,242
12157,5,243
12161,9,243
12163,11,243
12197,45,243
12203,1,244
12211,9,244
12227,25,244
12239,37,244
12241,39,244
12251,49,244
12253,1,245
12263,11,245
12269,17,245
12277,25,245
12281,29,245
12289,37,245
12301,49,245
12323,21,246
12329,27,246
12343,41,246
12347,45,246
12373,21,247
12377,25,247
12379,27,247
12391,39,247
12401,49,247
12409,7,248
12413,11,248
12421,19,248
12433,31,248
12437,35,248
12451,49,248
12457,5,249
12473,21,249
12479,27,249
12487,35,249
12491,39,249
12497,45,249
12503,1,250
12511,9,250
12517,15,250
12527,25,250
12539,37,250
12541,39,250
12547,45,250
12553,1,251
12569,17,251
12577,25,251
12583,31,251
12589,37,251
12601,49,251
12611,9,252
12613,11,252
12619,17,252
12637,35,252
12641,39,252
12647,45,252
12653,1,253
12659,7,253
12671,19,253
12689,37,253
12697,45,253
12703,1,254
12713,11,254
12721,19,254
12739,37,254
12743,41,254
12757,5,255
12763,11,255
12781,29,255
12791,39,255
12799,47,255
12809,7,256
12821,19,256
12823,21,256
12829,27,256
12841,39,256
12853,1,257
12889,37,257
12893,41,257
12899,47,257
12907,5,258
12911,9,258
12917,15,258
12919,17,258
12923,21,258
12941,39,258
12953,1,259
12959,7,259
12967,15,259
12973,21,259
12979,27,259
12983,31,259
13001,49,259
13003,1,260
13007,5,260
13009,7,260
13033,31,260
13037,35,260
13043,41,260
13049,47,260
13063,11,261
13093,41,261
13099,47,261
13103,1,262
13109,7,262
13121,19,262
13127,25,262
13147,45,262
13151,49,262
13159,7,263
13163,11,263
13171,19,263
13177,25,263
13183,31,263
13187,35,263
13217,15,264
13219,17,264
13229,27,264
13241,39,264
13249,47,264
13259,7,265
13267,15,265
13291,39,265
13297,45,265
13309,7,266
13313,11,266
13327,25,266
13331,29,266
13337,35,266
13339,37,266
13367,15,267
13381,29,267
13397,45,267
13399,47,267
13411,9,268
13417,15,268
13421,19,268
13441,39,268
13451,49,268
13457,5,269
13463,11,269
13469,17,269
13477,25,269
13487,35,269
13499,47,269
13513,11,270
13523,21,270
13537,35,270
13553,1,271
13567,15,271
13577,25,271
13591,39,271
13597,45,271
13613,11,272
13619,17,272
13627,25,272
13633,31,272
13649,47,272
13669,17,273
13679,27,273
13681,29,273
13687,35,273
13691,39,273
13693,41,273
13697,45,273
13709,7,274
13711,9,274
13721,19,274
13723,21,274
13729,27,274
13751,49,274
13757,5,275
13759,7,275
13763,11,275
13781,29,275
13789,37,275
13799,47,275
13807,5,276
13829,27,276
13831,29,276
13841,39,276
13859,7,277
13873,21,277
13877,25,277
13879,27,277
13883,31,277
13901,49,277
13903,1,278
13907,5,278
13913,11,278
13921,19,278
13931,29,278
13933,31,278
13963,11,279
13967,15,279
13997,45,279
13999,47,279
14009,7,280
14011,9,280
14029,27,280
14033,31,280
14051,49,280
14057,5,281
14071,19,281
14081,29,281
14083,31,281
14087,35,281
14107,5,282
14143,41,282
14149,47,282
14153,1,283
14159,7,283
14173,21,283
14177,25,283
14197,45,283
14207,5,284
14221,19,284
14243,41,284
14249,47,284
14251,49,284
14281,29,285
14293,41,285
14303,1,286
14321,19,286
14323,21,286
14327,25,286
14341,39,286
14347,45,286
14369,17,287
14387,35,287
14389,37,287
14401,49,287
14407,5,288
14411,9,288
14419,17,288
14423,21,288
14431,29,288
14437,35,288
14447,45,288
14449,47,288
14461,9,289
14479,27,289
14489,37,289
14503,1,290
14519,17,290
14533,31,290
14537,35,290
14543,41,290
14549,47,290
14551,49,290
14557,5,291
14561,9,291
14563,11,291
14591,39,291
14593,41,291
14621,19,292
14627,25,292
14629,27,292
14633,31,292
14639,37,292
14653,1,293
14657,5,293
14669,17,293
14683,31,293
14699,47,293
14713,11,294
14717,15,294
14723,21,294
14731,29,294
14737,35,294
14741,39,294
14747,45,294
14753,1,295
14759,7,295
14767,15,295
14771,19,295
14779,27,295
14783,31,295
14797,45,295
14813,11,296
14821,19,296
14827,25,296
14831,29,296
14843,41,296
14851,49,296
14867,15,297
14869,17,297
14879,27,297
14887,35,297
14891,39,297
14897,45,297
14923,21,298
14929,27,298
14939,37,298
14947,45,298
14951,49,298
14957,5,299
14969,17,299
14983,31,299
15013,11,300
15017,15,300
15031,29,300
15053,1,301
15061,9,301
15073,21,301
15077,25,301
15083,31,301
15091,39,301
15101,49,301
15107,5,302
15121,19,302
15131,29,302
15137,35,302
15139,37,302
15149,47,302
15161,9,303
15173,21,303
15187,35,303
15193,41,303
15199,47,303
15217,15,304
15227,25,304
15233,31,304
15241,39,304
15259,7,305
15263,11,305
15269,17,305
15271,19,305
15277,25,305
15287,35,305
15289,37,305
15299,47,305
15307,5,306
15313,11,306
15319,17,306
15329,27,306
15331,29,306
15349,47,306
15359,7,307
15361,9,307
15373,21,307
15377,25,307
15383,31,307
15391,39,307
15401,49,307
15413,11,308
15427,25,308
15439,37,308
15443,41,308
15451,49,308
15461,9,309
15467,15,309
15473,21,309
15493,41,309
15497,45,309
15511,9,310
15527,25,310
15541,39,310
15551,49,310
15559,7,311
15569,17,311
15581,29,311
15583,31,311
15601,49,311
15607,5,312
15619,17,312
15629,27,312
15641,39,312
15643,41,312
15647,45,312
15649,47,312
15661,9,313
15667,15,313
15671,19,313
15679,27,313
15683,31,313
15727,25,314
15731,29,314
15733,31,314
15737,35,314
15739,37,314
15749,47,314
15761,9,315
15767,15,315
15773,21,315
15787,35,315
15791,39,315
15797,45,315
15803,1,316
15809,7,316
15817,15,316
15823,21,316
15859,7,317
15877,25,317
15881,29,317
15887,35,317
15889,37,317
15901,49,317
15907,5,318
15913,11,318
15919,17,318
15923,21,318
15937,35,318
15959,7,319
15971,19,319
15973,21,319
15991,39,319
16001,49,319
16007,5,320
16033,31,320
16057,5,321
16061,9,321
16063,11,321
16067,15,321
16069,17,321
16073,21,321
16087,35,321
16091,39,321
16097,45,321
16103,1,322
16111,9,322
16127,25,322
16139,37,322
16141,39,322
16183,31,323
16187,35,323
16189,37,323
16193,41,323
16217,15,324
16223,21,324
16229,27,324
16231,29,324
16249,47,324
16253,1,325
16267,15,325
16273,21,325
16301,49,325
16319,17,326
16333,31,326
16339,37,326
16349,47,326
16361,9,327
16363,11,327
16369,17,327
16381,29,327
16411,9,328
16417,15,328
16421,19,328
16427,25,328
16433,31,328
16447,45,328
16451,49,328
16453,1,329
16477,25,329
16481,29,329
16487,35,329
16493,41,329
16519,17,330
16529,27,330
16547,45,330
16553,1,331
16561,9,331
16567,15,331
16573,21,331
16603,1,332
16607,5,332
16619,17,332
16631,29,332
16633,31,332
16649,47,332
16651,49,332
16657,5,333
16661,9,333
16673,21,333
16691,39,333
16693,41,333
16699,47,333
16703,1,334
16729,27,334
16741,39,334
16747,45,334
16759,7,335
16763,11,335
16787,35,335
16811,9,336
16823,21,336
16829,27,336
16831,29,336
16843,41,336
16871,19,337
16879,27,337
16883,31,337
16889,37,337
16901,49,337
16903,1,338
16921,19,338
16927,25,338
16931,29,338
16937,35,338
16943,41,338
16963,11,339
16979,27,339
16981,29,339
16987,35,339
16993,41,339
17011,9,340
17021,19,340
17027,25,340
17029,27,340
17033,31,340
17041,39,340
17047,45,340
17053,1,341
17077,25,341
17093,41,341
17099,47,341
17107,5,342
17117,15,342
17123,21,342
17137,35,342
17159,7,343
17167,15,343
17183,31,343
17189,37,343
17191,39,343
17203,1,344
17207,5,344
17209,7,344
17231,29,344
17239,37,344
17257,5,345
17291,39,345
17293,41,345
17299,47,345
17317,15,346
17321,19,346
17327,25,346
17333,31,346
17341,39,346
17351,49,346
17359,7,347
17377,25,347
17383,31,347
17387,35,347
17389,37,347
17393,41,347
17401,49,347
17417,15,348
17419,17,348
17431,29,348
17443,41,348
17449,47,348
17467,15,349
17471,19,349
17477,25,349
17483,31,349
17489,37,349
17491,39,349
17497,45,349
17509,7,350
17519,17,350
17539,37,350
17551,49,350
17569,17,351
17573,21,351
17579,27,351
17581,29,351
17597,45,351
17599,47,351
17609,7,352
17623,21,352
17627,25,352
17657,5,353
17659,7,353
17669,17,353
17681,29,353
17683,31,353
17707,5,354
17713,11,354
17729,27,354
17737,35,354
17747,45,354
17749,47,354
17761,9,355
17783,31,355
17789,37,355
17791,39,355
17807,5,356
17827,25,356
17837,35,356
17839,37,356
17851,49,356
17863,11,357
17881,29,357
17891,39,357
17903,1,358
17909,7,358
17911,9,358
17921,19,358
17923,21,358
17929,27,358
17939,37,358
17957,5,359
17959,7,359
17971,19,359
17977,25,359
17981,29,359
17987,35,359
17989,37,359
18013,11,360
18041,39,360
18043,41,360
18047,45,360
18049,47,360
18059,7,361
18061,9,361
18077,25,361
18089,37,361
18097,45,361
18119,17,362
18121,19,362
18127,25,362
18131,29,362
18133,31,362
18143,41,362
18149,47,362
18169,17,363
18181,29,363
18191,39,363
18199,47,363
18211,9,364
18217,15,364
18223,21,364
18229,27,364
18233,31,364
18251,49,364
18253,1,365
18257,5,365
18269,17,365
18287,35,365
18289,37,365
18301,49,365
18307,5,366
18311,9,366
18313,11,366
18329,27,366
18341,39,366
18353,1,367
18367,15,367
18371,19,367
18379,27,367
18397,45,367
18401,49,367
18413,11,368
18427,25,368
18433,31,368
18439,37,368
18443,41,368
18451,49,368
18457,5,369
18461,9,369
18481,29,369
18493,41,369
18503,1,370
18517,15,370
18521,19,370
18523,21,370
18539,37,370
18541,39,370
18553,1,371
18583,31,371
18587,35,371
18593,41,371
18617,15,372
18637,35,372
18661,9,373
18671,19,373
18679,27,373
18691,39,373
18701,49,373
18713,11,374
18719,17,374
18731,29,374
18743,41,374
18749,47,374
18757,5,375
18773,21,375
18787,35,375
18793,41,375
18797,45,375
18803,1,376
18839,37,376
18859,7,377
18869,17,377
18899,47,377
18911,9,378
18913,11,378
18917,15,378
18919,17,378
18947,45,378
18959,7,379
18973,21,379
18979,27,379
19001,49,379
19009,7,380
19013,11,380
19031,29,380
19037,35,380
19051,49,380
19069,17,381
19073,21,381
19079,27,381
19081,29,381
19087,35,381
19121,19,382
19139,37,382
19141,39,382
19157,5,383
19163,11,383
19181,29,383
19183,31,383
19207,5,384
19211,9,384
19213,11,384
19219,17,384
19231,29,384
19237,35,384
19249,47,384
19259,7,385
19267,15,385
19273,21,385
19289,37,385
19301,49,385
19309,7,386
19319,17,386
19333,31,386
19373,21,387
19379,27,387
19381,29,387
19387,35,387
19391,39,387
19403,1,388
19417,15,388
19421,19,388
19423,21,388
19427,25,388
19429,27,388
19433,31,388
19441,39,388
19447,45,388
19457,5,389
19463,11,389
19469,17,389
19471,19,389
19477,25,389
19483,31,389
19489,37,389
19501,49,389
19507,5,390
19531,29,390
19541,39,390
19543,41,390
19553,1,391
19559,7,391
19571,19,391
19577,25,391
19583,31,391
19597,45,391
19603,1,392
19609,7,392
19661,9,393
19681,29,393
19687,35,393
19697,45,393
19699,47,393
19709,7,394
19717,15,394
19727,25,394
19739,37,394
19751,49,394
19753,1,395
19759,7,395
19763,11,395
19777,25,395
19793,41,395
19801,49,395
19813,11,396
19819,17,396
19841,39,396
19843,41,396
19853,1,397
19861,9,397
19867,15,397
19889,37,397
19891,39,397
19913,11,398
19919,17,398
19927,25,398
19937,35,398
19949,47,398
19961,9,399
19963,11,399
19973,21,399
19979,27,399
19991,39,399
19993,41,399
19997,45,399
20011,9,400
20021,19,400
20023,21,400
20029,27,400
20047,45,400
20051,49,400
20063,11,401
20071,19,401
20089,37,401
20101,49,401
20107,5,402
20113,11,402
20117,15,402
20123,21,402
20129,27,402
20143,41,402
20147,45,402
20149,47,402
20161,9,403
20173,21,403
20177,25,403
20183,31,403
20201,49,403
20219,17,404
20231,29,404
20233,31,404
20249,47,404
20261,9,405
20269,17,405
20287,35,405
20297,45,405
20323,21,406
20327,25,406
20333,31,406
20341,39,406
20347,45,406
20353,1,407
20357,5,407
20359,7,407
20369,17,407
20389,37,407
20393,41,407
20399,47,407
20407,5,408
20411,9,408
20431,29,408
20441,39,408
20443,41,408
20477,25,409
20479,27,409
20483,31,409
20507,5,410
20509,7,410
20521,19,410
20533,31,410
20543,41,410
20549,47,410
20551,49,410
20563,11,411
20593,41,411
20599,47,411
20611,9,412
20627,25,412
20639,37,412
20641,39,412
20663,11,413
20681,29,413
20693,41,413
20707,5,414
20717,15,414
20719,17,414
20731,29,414
20743,41,414
20747,45,414
20749,47,414
20753,1,415
20759,7,415
20771,19,415
20773,21,415
20789,37,415
20807,5,416
20809,7,416
20849,47,416
20857,5,417
20873,21,417
20879,27,417
20887,35,417
20897,45,417
20899,47,417
20903,1,418
20921,19,418
20929,27,418
20939,37,418
20947,45,418
20959,7,419
20963,11,419
20981,29,419
20983,31,419
21001,49,419
21011,9,420
21013,11,420
21017,15,420
21019,17,420
21023,21,420
21031,29,420
21059,7,421
21061,9,421
21067,15,421
21089,37,421
21101,49,421
21107,5,422
21121,19,422
21139,37,422
21143,41,422
21149,47,422
21157,5,423
21163,11,423
21169,17,423
21179,27,423
21187,35,423
21191,39,423
21193,41,423
21211,9,424
21221,19,424
21227,25,424
21247,45,424
21269,17,425
21277,25,425
21283,31,425
21313,11,426
21317,15,426
21319,17,426
21323,21,426
21341,39,426
21347,45,426
21377,25,427
21379,27,427
21383,31,427
21391,39,427
21397,45,427
21401,49,427
21407,5,428
21419,17,428
21433,31,428
21467,15,429
21481,29,429
21487,35,429
21491,39,429
21493,41,429
21499,47,429
21503,1,430
21517,15,430
21521,19,430
21523,21,430
21529,27,430
21557,5,431
21559,7,431
21563,11,431
21569,17,431
21577,25,431
21587,35,431
21589,37,431
21599,47,431
21601,49,431
21611,9,432
21613,11,432
21617,15,432
21647,45,432
21649,47,432
21661,9,433
21673,21,433
21683,31,433
21701,49,433
21713,11,434
21727,25,434
21737,35,434
21739,37,434
21751,49,434
21757,5,435
21767,15,435
21773,21,435
21787,35,435
21799,47,435
21803,1,436
21817,15,436
21821,19,436
21839,37,436
21841,39,436
21851,49,436
21859,7,437
21863,11,437
21871,19,437
21881,29,437
21893,41,437
21911,9,438
21929,27,438
21937,35,438
21943,41,438
21961,9,439
21977,25,439
21991,39,439
21997,45,439
22003,1,440
22013,11,440
22027,25,440
22031,29,440
22037,35,440
22039,37,440
22051,49,440
22063,11,441
22067,15,441
22073,21,441
22079,27,441
22091,39,441
22093,41,441
22109,7,442
22111,9,442
22123,21,442
22129,27,442
22133,31,442
22147,45,442
22153,1,443
22157,5,443
22159,7,443
22171,19,443
22189,37,443
22193,41,443
22229,27,444
22247,45,444
22259,7,445
22271,19,445
22273,21,445
22277,25,445
22279,27,445
22283,31,445
22291,39,445
22303,1,446
22307,5,446
22343,41,446
22349,47,446
22367,15,447
22369,17,447
22381,29,447
22391,39,447
22397,45,447
22409,7,448
22433,31,448
22441,39,448
22447,45,448
22453,1,449
22469,17,449
22481,29,449
22483,31,449
22501,49,449
22511,9,450
22531,29,450
22541,39,450
22543,41,450
22549,47,450
22567,15,451
22571,19,451
22573,21,451
22613,11,452
22619,17,452
22621,19,452
22637,35,452
22639,37,452
22643,41,452
22651,49,452
22669,17,453
22679,27,453
22691,39,453
22697,45,453
22699,47,453
22709,7,454
22717,15,454
22721,19,454
22727,25,454
22739,37,454
22741,39,454
22751,49,454
22769,17,455
22777,25,455
22783,31,455
22787,35,455
22807,5,456
22811,9,456
22817,15,456
22853,1,457
22859,7,457
22861,9,457
22871,19,457
22877,25,457
22901,49,457
22907,5,458
22921,19,458
22937,35,458
22943,41,458
22961,9,459
22963,11,459
22973,21,459
22993,41,459
23003,1,460
23011,9,460
23017,15,460
23021,19,460
23027,25,460
23029,27,460
23039,37,460
23041,39,460
23053,1,461
23057,5,461
23059,7,461
23063,11,461
23071,19,461
23081,29,461
23087,35,461
23099,47,461
23117,15,462
23131,29,462
23143,41,462
23159,7,463
23167,15,463
23173,21,463
23189,37,463
23197,45,463
23201,49,463
23203,1,464
23209,7,464
23227,25,464
23251,49,464
23269,17,465
23279,27,465
23291,39,465
23293,41,465
23297,45,465
23311,9,466
23321,19,466
23327,25,466
23333,31,466
23339,37,466
23357,5,467
23369,17,467
23371,19,467
23399,47,467
23417,15,468
23431,29,468
23447,45,468
23459,7,469
23473,21,469
23497,45,469
23509,7,470
23531,29,470
23537,35,470
23539,37,470
23549,47,470
23557,5,471
23561,9,471
23563,11,471
23567,15,471
23581,29,471
23593,41,471
23599,47,471
23603,1,472
23609,7,472
23623,21,472
23627,25,472
23629,27,472
23633,31,472
23663,11,473
23669,17,473
23671,19,473
23677,25,473
23687,35,473
23689,37,473
23719,17,474
23741,39,474
23743,41,474
23747,45,474
23753,1,475
23761,9,475
23767,15,475
23773,21,475
23789,37,475
23801,49,475
23813,11,476
23819,17,476
23827,25,476
23831,29,476
23833,31,476
23857,5,477
23869,17,477
23873,21,477
23879,27,477
23887,35,477
23893,41,477
23899,47,477
23909,7,478
23911,9,478
23917,15,478
23929,27,478
23957,5,479
23971,19,479
23977,25,479
23981,29,479
23993,41,479
24001,49,479
24007,5,480
24019,17,480
24023,21,480
24029,27,480
24043,41,480
24049,47,480
24061,9,481
24071,19,481
24077,25,481
24083,31,481
24091,39,481
24097,45,481
24103,1,482
24107,5,482
24109,7,482
24113,11,482
24121,19,482
24133,31,482
24137,35,482
24151,49,482
24169,17,483
24179,27,483
24181,29,483
24197,45,483
24203,1,484
24223,21,484
24229,27,484
24239,37,484
24247,45,484
24251,49,484
24281,29,485
24317,15,486
24329,27,486
24337,35,486
24359,7,487
24371,19,487
24373,21,487
24379,27,487
24391,39,487
24407,5,488
24413,11,488
24419,17,488
24421,19,488
24439,37,488
24443,41,488
24469,17,489
24473,21,489
24481,29,489
24499,47,489
24509,7,490
24517,15,490
24527,25,490
24533,31,490
24547,45,490
24551,49,490
24571,19,491
24593,41,491
24611,9,492
24623,21,492
24631,29,492
24659,7,493
24671,19,493
24677,25,493
24683,31,493
24691,39,493
24697,45,493
24709,7,494
24733,31,494
24749,47,494
24763,11,495
24767,15,495
24781,29,495
24793,41,495
24799,47,495
24809,7,496
24821,19,496
24841,39,496
24847,45,496
24851,49,496
24859,7,497
24877,25,497
24889,37,497
24907,5,498
24917,15,498
24919,17,498
24923,21,498
24943,41,498
24953,1,499
24967,15,499
24971,19,499
24977,25,499
24979,27,499
24989,37,499
25013,11,500
25031,29,500
25033,31,500
25037,35,500
25057,5,501
25073,21,501
25087,35,501
25097,45,501
25111,9,502
25117,15,502
25121,19,502
25127,25,502
25147,45,502
25153,1,503
25163,11,503
25169,17,503
25171,19,503
25183,31,503
25189,37,503
25219,17,504
25229,27,504
25237,35,504
25243,41,504
25247,45,504
25253,1,505
25261,9,505
25301,49,505
25303,1,506
25307,5,506
25309,7,506
25321,19,506
25339,37,506
25343,41,506
25349,47,506
25357,5,507
25367,15,507
25373,21,507
25391,39,507
25409,7,508
25411,9,508
25423,21,508
25439,37,508
25447,45,508
25453,1,509
25457,5,509
25463,11,509
25469,17,509
25471,19,509
25523,21,510
25537,35,510
25541,39,510
25561,9,511
25577,25,511
25579,27,511
25583,31,511
25589,37,511
25601,49,511
25603,1,512
25609,7,512
25621,19,512
25633,31,512
25639,37,512
25643,41,512
25657,5,513
25667,15,513
25673,21,513
25679,27,513
25693,41,513
25703,1,514
25717,15,514
25733,31,514
25741,39,514
25747,45,514
25759,7,515
25763,11,515
25771,19,515
25793,41,515
25799,47,515
25801,49,515
25819,17,516
25841,39,516
25847,45,516
25849,47,516
25867,15,517
25873,21,517
25889,37,517
25903,1,518
25913,11,518
25919,17,518
25931,29,518
25933,31,518
25939,37,518
25943,41,518
25951,49,518
25969,17,519
25981,29,519
25997,45,519
25999,47,519
26003,1,520
26017,15,520
26021,19,520
26029,27,520
26041,39,520
26053,1,521
26083,31,521
26099,47,521
26107,5,522
26111,9,522
26113,11,522
26119,17,522
26141,39,522
26153,1,523
26161,9,523
26171,19,523
26177,25,523
26183,31,523
26189,37,523
26203,1,524
26209,7,524
26227,25,524
26237,35,524
26249,47,524
26251,49,524
26261,9,525
26263,11,525
26267,15,525
26293,41,525
26297,45,525
26309,7,526
26317,15,526
26321,19,526
26339,37,526
26347,45,526
26357,5,527
26371,19,527
26387,35,527
26393,41,527
26399,47,527
26407,5,528
26417,15,528
26423,21,528
26431,29,528
26437,35,528
26449,47,528
26459,7,529
26479,27,529
26489,37,529
26497,45,529
26501,49,529
26513,11,530
26539,37,530
26557,5,531
26561,9,531
26573,21,531
26591,39,531
26597,45,531
26627,25,532
26633,31,532
26641,39,532
26647,45,532
26669,17,533
26681,29,533
26683,31,533
26687,35,533
26693,41,533
26699,47,533
26701,49,533
26711,9,534
26713,11,534
26717,15,534
26723,21,534
26729,27,534
26731,29,534
26737,35,534
26759,7,535
26777,25,535
26783,31,535
26801,49,535
26813,11,536
26821,19,536
26833,31,536
26839,37,536
26849,47,536
26861,9,537
26863,11,537
26879,27,537
26881,29,537
26891,39,537
26893,41,537
26903,1,538
26921,19,538
26927,25,538
26947,45,538
26951,49,538
26953,1,539
26959,7,539
26981,29,539
26987,35,539
26993,41,539
27011,9,540
27017,15,540
27031,29,540
27043,41,540
27059,7,541
27061,9,541
27067,15,541
27073,21,541
27077,25,541
27091,39,541
27103,1,542
27107,5,542
27109,7,542
27127,25,542
27143,41,542
27179,27,543
27191,39,543
27197,45,543
27211,9,544
27239,37,544
27241,39,544
27253,1,545
27259,7,545
27271,19,545
27277,25,545
27281,29,545
27283,31,545
27299,47,545
27329,27,546
27337,35,546
27361,9,547
27367,15,547
27397,45,547
27407,5,548
27409,7,548
27427,25,548
27431,29,548
27437,35,548
27449,47,548
27457,5,549
27479,27,549
27481,29,549
27487,35,549
27509,7,550
27527,25,550
27529,27,550
27539,37,550
27541,39,550
27551,49,550
27581,29,551
27583,31,551
27611,9,552
27617,15,552
27631,29,552
27647,45,552
27653,1,553
27673,21,553
27689,37,553
27691,39,553
27697,45,553
27701,49,553
27733,31,554
27737,35,554
27739,37,554
27743,41,554
27749,47,554
27751,49,554
27763,11,555
27767,15,555
27773,21,555
27779,27,555
27791,39,555
27793,41,555
27799,47,555
27803,1,556
27809,7,556
27817,15,556
27823,21,556
27827,25,556
27847,45,556
27851,49,556
27883,31,557
27893,41,557
27901,49,557
27917,15,558
27919,17,558
27941,39,558
27943,41,558
27947,45,558
27953,1,559
27961,9,559
27967,15,559
27983,31,559
27997,45,559
28001,49,559
28019,17,560
28027,25,560
28031,29,560
28051,49,560
28057,5,561
28069,17,561
28081,29,561
28087,35,561
28097,45,561
28099,47,561
28109,7,562
28111,9,562
28123,21,562
28151,49,562
28163,11,563
28181,29,563
28183,31,563
28201,49,563
28211,9,564
28219,17,564
28229,27,564
28277,25,565
28279,27,565
28283,31,565
28289,37,565
28297,45,565
28307,5,566
28309,7,566
28319,17,566
28349,47,566
28351,49,566
28387,35,567
28393,41,567
28403,1,568
28409,7,568
28411,9,568
28429,27,568
28433,31,568
28439,37,568
28447,45,568
28463,11,569
28477,25,569
28493,41,569
28499,47,569
28513,11,570
28517,15,570
28537,35,570
28541,39,570
28547,45,570
28549,47,570
28559,7,571
28571,19,571
28573,21,571
28579,27,571
28591,39,571
28597,45,571
28603,1,572
28607,5,572
28619,17,572
28621,19,572
28627,25,572
28631,29,572
28643,41,572
28649,47,572
28657,5,573
28661,9,573
28663,11,573
28669,17,573
28687,35,573
28697,45,573
28703,1,574
28711,9,574
28723,21,574
28729,27,574
28751,49,574
28753,1,575
28759,7,575
28771,19,575
28789,37,575
28793,41,575
28807,5,576
28813,11,576
28817,15,576
28837,35,576
28843,41,576
28859,7,577
28867,15,577
28871,19,577
28879,27,577
28901,49,577
28909,7,578
28921,19,578
28927,25,578
28933,31,578
28949,47,578
28961,9,579
28979,27,579
29009,7,580
29017,15,580
29021,19,580
29023,21,580
29027,25,580
29033,31,580
29059,7,581
29063,11,581
29077,25,581
29101,49,581
29123,21,582
29129,27,582
29131,29,582
29137,35,582
29147,45,582
29153,1,583
29167,15,583
29173,21,583
29179,27,583
29191,39,583
29201,49,583
29207,5,584
29209,7,584
29221,19,584
29231,29,584
29243,41,584
29251,49,584
29269,17,585
29287,35,585
29297,45,585
29303,1,586
29311,9,586
29327,25,586
29333,31,586
29339,37,586
29347,45,586
29363,11,587
29383,31,587
29387,35,587
29389,37,587
29399,47,587
29401,49,587
29411,9,588
29423,21,588
29429,27,588
29437,35,588
29443,41,588
29453,1,589
29473,21,589
29483,31,589
29501,49,589
29527,25,590
29531,29,590
29537,35,590
29567,15,591
29569,17,591
29573,21,591
29581,29,591
29587,35,591
29599,47,591
29611,9,592
29629,27,592
29633,31,592
29641,39,592
29663,11,593
29669,17,593
29671,19,593
29683,31,593
29717,15,594
29723,21,594
29741,39,594
29753,1,595
29759,7,595
29761,9,595
29789,37,595
29803,1,596
29819,17,596
29833,31,596
29837,35,596
29851,49,596
29863,11,597
29867,15,597
29873,21,597
29879,27,597
29881,29,597
29917,15,598
29921,19,598
29927,25,598
29947,45,598
29959,7,599
29983,31,599
29989,37,599
