2,0,0
3,1,0
5,3,0
7,5,0
11,9,0
13,11,0
17,15,0
19,17,0
23,21,0
29,27,0
31,29,0
37,35,0
41,39,0
43,41,0
47,45,0
53,51,0
59,57,0
61,59,0
67,65,0
71,69,0
73,71,0
79,77,0
83,81,0
89,87,0
97,95,0
101,99,0
103,101,0
107,105,0
109,107,0
113,111,0
127,125,0
131,129,0
137,135,0
139,137,0
149,147,0
151,149,0
157,5,1
163,11,1
167,15,1
173,21,1
179,27,1
181,29,1
191,39,1
193,41,1
197,45,1
199,47,1
211,59,1
223,71,1
227,75,1
229,77,1
233,81,1
239,87,1
241,89,1
251,99,1
257,105,1
263,111,1
269,117,1
271,119,1
277,125,1
281,129,1
283,131,1
293,141,1
307,5,2
311,9,2
313,11,2
317,15,2
331,29,2
337,35,2
347,45,2
349,47,2
353,51,2
359,57,2
367,65,2
373,71,2
379,77,2
383,81,2
389,87,2
397,95,2
401,99,2
409,107,2
419,117,2
421,119,2
431,129,2
433,131,2
439,137,2
443,141,2
449,147,2
457,5,3
461,9,3
463,11,3
467,15,3
479,27,3
487,35,3
491,39,3
499,47,3
503,51,3
509,57,3
521,69,3
523,71,3
541,89,3
547,95,3
557,105,3
563,111,3
569,117,3
571,119,3
577,125,3
587,135,3
593,141,3
599,147,3
601,149,3
607,5,4
613,11,4
617,15,4
619,17,4
631,29,4
641,39,4
643,41,4
647,45,4
653,51,4
659,57,4
661,59,4
673,71,4
677,75,4
683,81,4
691,89,4
701,99,4
709,107,4
719,117,4
727,125,4
733,131,4
739,137,4
743,141,4
751,149,4
757,5,5
761,9,5
769,17,5
773,21,5
787,35,5
797,45,5
809,57,5
811,59,5
821,69,5
823,71,5
827,75,5
829,77,5
839,87,5
853,101,5
857,105,5
859,107,5
863,111,5
877,125,5
881,129,5
883,131,5
887,135,5
907,5,6
911,9,6
919,17,6
929,27,6
937,35,6
941,39,6
947,45,6
953,51,6
967,65,6
971,69,6
977,75,6
983,81,6
991,89,6
997,95,6
1009,107,6
1013,111,6
1019,117,6
1021,119,6
1031,129,6
1033,131,6
1039,137,6
1049,147,6
1051,149,6
1061,9,7
1063,11,7
1069,17,7
1087,35,7
1091,39,7
1093,41,7
1097,45,7
1103,51,7
1109,57,7
1117,65,7
1123,71,7
1129,77,7
1151,99,7
1153,101,7
1163,111,7
1171,119,7
1181,129,7
1187,135,7
1193,141,7
1201,149,7
1213,11,8
1217,15,8
1223,21,8
1229,27,8
1231,29,8
1237,35,8
1249,47,8
1259,57,8
1277,75,8
1279,77,8
1283,81,8
1289,87,8
1291,89,8
1297,95,8
1301,99,8
1303,101,8
1307,105,8
1319,117,8
1321,119,8
1327,125,8
1361,9,9
1367,15,9
1373,21,9
1381,29,9
1399,47,9
1409,57,9
1423,71,9
1427,75,9
1429,77,9
1433,81,9
1439,87,9
1447,95,9
1451,99,9
1453,101,9
1459,107,9
1471,119,9
1481,129,9
1483,131,9
1487,135,9
1489,137,9
1493,141,9
1499,147,9
1511,9,10
1523,21,10
1531,29,10
1543,41,10
1549,47,10
1553,51,10
1559,57,10
1567,65,10
1571,69,10
1579,77,10
1583,81,10
1597,95,10
1601,99,10
1607,105,10
1609,107,10
1613,111,10
1619,117,10
1621,119,10
1627,125,10
1637,135,10
1657,5,11
1663,11,11
1667,15,11
1669,17,11
1693,41,11
1697,45,11
1699,47,11
1709,57,11
1721,69,11
1723,71,11
1733,81,11
1741,89,11
1747,95,11
1753,101,11
1759,107,11
1777,125,11
1783,131,11
1787,135,11
1789,137,11
1801,149,11
1811,9,12
1823,21,12
1831,29,12
1847,45,12
1861,59,12
1867,65,12
1871,69,12
1873,71,12
1877,75,12
1879,77,12
1889,87,12
1901,99,12
1907,105,12
1913,111,12
1931,129,12
1933,131,12
1949,147,12
1951,149,12
1973,21,13
1979,27,13
1987,35,13
1993,41,13
1997,45,13
1999,47,13
2003,51,13
2011,59,13
2017,65,13
2027,75,13
2029,77,13
2039,87,13
2053,101,13
2063,111,13
2069,117,13
2081,129,13
2083,131,13
2087,135,13
2089,137,13
2099,147,13
2111,9,14
2113,11,14
2129,27,14
2131,29,14
2137,35,14
2141,39,14
2143,41,14
2153,51,14
2161,59,14
2179,77,14
2203,101,14
2207,105,14
2213,111,14
2221,119,14
2237,135,14
2239,137,14
2243,141,14
2251,149,14
2267,15,15
2269,17,15
2273,21,15
2281,29,15
2287,35,15
2293,41,15
2297,45,15
2309,57,15
2311,59,15
2333,81,15
2339,87,15
2341,89,15
2347,95,15
2351,99,15
2357,105,15
2371,119,15
2377,125,15
2381,129,15
2383,131,15
2389,137,15
2393,141,15
2399,147,15
2411,9,16
2417,15,16
2423,21,16
2437,35,16
2441,39,16
2447,45,16
2459,57,16
2467,65,16
2473,71,16
2477,75,16
2503,101,16
2521,119,16
2531,129,16
2539,137,16
2543,141,16
2549,147,16
2551,149,16
2557,5,17
2579,27,17
2591,39,17
2593,41,17
2609,57,17
2617,65,17
2621,69,17
2633,81,17
2647,95,17
2657,105,17
2659,107,17
2663,111,17
2671,119,17
2677,125,17
2683,131,17
2687,135,17
2689,137,17
2693,141,17
2699,147,17
2707,5,18
2711,9,18
2713,11,18
2719,17,18
2729,27,18
2731,29,18
2741,39,18
2749,47,18
2753,51,18
2767,65,18
2777,75,18
2789,87,18
2791,89,18
2797,95,18
2801,99,18
2803,101,18
2819,117,18
2833,131,18
2837,135,18
2843,141,18
2851,149,18
2857,5,19
2861,9,19
2879,27,19
2887,35,19
2897,45,19
2903,51,19
2909,57,19
2917,65,19
2927,75,19
2939,87,19
2953,101,19
2957,105,19
2963,111,19
2969,117,19
2971,119,19
2999,147,19
3001,149,19
3011,9,20
3019,17,20
3023,21,20
3037,35,20
3041,39,20
3049,47,20
3061,59,20
3067,65,20
3079,77,20
3083,81,20
3089,87,20
3109,107,20
3119,117,20
3121,119,20
3137,135,20
3163,11,21
3167,15,21
3169,17,21
3181,29,21
3187,35,21
3191,39,21
3203,51,21
3209,57,21
3217,65,21
3221,69,21
3229,77,21
3251,99,21
3253,101,21
3257,105,21
3259,107,21
3271,119,21
3299,147,21
3301,149,21
3307,5,22
3313,11,22
3319,17,22
3323,21,22
3329,27,22
3331,29,22
3343,41,22
3347,45,22
3359,57,22
3361,59,22
3371,69,22
3373,71,22
3389,87,22
3391,89,22
3407,105,22
3413,111,22
3433,131,22
3449,147,22
3457,5,23
3461,9,23
3463,11,23
3467,15,23
3469,17,23
3491,39,23
3499,47,23
3511,59,23
3517,65,23
3527,75,23
3529,77,23
3533,81,23
3539,87,23
3541,89,23
3547,95,23
3557,105,23
3559,107,23
3571,119,23
3581,129,23
3583,131,23
3593,141,23
3607,5,24
3613,11,24
3617,15,24
3623,21,24
3631,29,24
3637,35,24
3643,41,24
3659,57,24
3671,69,24
3673,71,24
3677,75,24
3691,89,24
3697,95,24
3701,99,24
3709,107,24
3719,117,24
3727,125,24
3733,131,24
3739,137,24
3761,9,25
3767,15,25
3769,17,25
3779,27,25
3793,41,25
3797,45,25
3803,51,25
3821,69,25
3823,71,25
3833,81,25
3847,95,25
3851,99,25
3853,101,25
3863,111,25
3877,125,25
3881,129,25
3889,137,25
3907,5,26
3911,9,26
3917,15,26
3919,17,26
3923,21,26
3929,27,26
3931,29,26
3943,41,26
3947,45,26
3967,65,26
3989,87,26
4001,99,26
4003,101,26
4007,105,26
4013,111,26
4019,117,26
4021,119,26
4027,125,26
4049,147,26
4051,149,26
4057,5,27
4073,21,27
4079,27,27
4091,39,27
4093,41,27
4099,47,27
4111,59,27
4127,75,27
4129,77,27
4133,81,27
4139,87,27
4153,101,27
4157,105,27
4159,107,27
4177,125,27
4201,149,27
4211,9,28
4217,15,28
4219,17,28
4229,27,28
4231,29,28
4241,39,28
4243,41,28
4253,51,28
4259,57,28
4261,59,28
4271,69,28
4273,71,28
4283,81,28
4289,87,28
4297,95,28
4327,125,28
4337,135,28
4339,137,28
4349,147,28
4357,5,29
4363,11,29
4373,21,29
4391,39,29
4397,45,29
4409,57,29
4421,69,29
4423,71,29
4441,89,29
4447,95,29
4451,99,29
4457,105,29
4463,111,29
4481,129,29
4483,131,29
4493,141,29
4507,5,30
4513,11,30
4517,15,30
4519,17,30
4523,21,30
4547,45,30
4549,47,30
4561,59,30
4567,65,30
4583,81,30
4591,89,30
4597,95,30
4603,101,30
4621,119,30
4637,135,30
4639,137,30
4643,141,30
4649,147,30
4651,149,30
4657,5,31
4663,11,31
4673,21,31
4679,27,31
4691,39,31
4703,51,31
4721,69,31
4723,71,31
4729,77,31
4733,81,31
4751,99,31
4759,107,31
4783,131,31
4787,135,31
4789,137,31
4793,141,31
4799,147,31
4801,149,31
4813,11,32
4817,15,32
4831,29,32
4861,59,32
4871,69,32
4877,75,32
4889,87,32
4903,101,32
4909,107,32
4919,117,32
4931,129,32
4933,131,32
4937,135,32
4943,141,32
4951,149,32
4957,5,33
4967,15,33
4969,17,33
4973,21,33
4987,35,33
4993,41,33
4999,47,33
5003,51,33
5009,57,33
5011,59,33
5021,69,33
5023,71,33
5039,87,33
5051,99,33
5059,107,33
5077,125,33
5081,129,33
5087,135,33
5099,147,33
5101,149,33
5107,5,34
5113,11,34
5119,17,34
5147,45,34
5153,51,34
5167,65,34
5171,69,34
5179,77,34
5189,87,34
5197,95,34
5209,107,34
5227,125,34
5231,129,34
5233,131,34
5237,135,34
5261,9,35
5273,21,35
5279,27,35
5281,29,35
5297,45,35
5303,51,35
5309,57,35
5323,71,35
5333,81,35
5347,95,35
5351,99,35
5381,129,35
5387,135,35
5393,141,35
5399,147,35
5407,5,36
5413,11,36
5417,15,36
5419,17,36
5431,29,36
5437,35,36
5441,39,36
5443,41,36
5449,47,36
5471,69,36
5477,75,36
5479,77,36
5483,81,36
5501,99,36
5503,101,36
5507,105,36
5519,117,36
5521,119,36
5527,125,36
5531,129,36
5557,5,37
5563,11,37
5569,17,37
5573,21,37
5581,29,37
5591,39,37
5623,71,37
5639,87,37
5641,89,37
5647,95,37
5651,99,37
5653,101,37
5657,105,37
5659,107,37
5669,117,37
5683,131,37
5689,137,37
5693,141,37
5701,149,37
5711,9,38
5717,15,38
5737,35,38
5741,39,38
5743,41,38
5749,47,38
5779,77,38
5783,81,38
5791,89,38
5801,99,38
5807,105,38
5813,111,38
5821,119,38
5827,125,38
5839,137,38
5843,141,38
5849,147,38
5851,149,38
5857,5,39
5861,9,39
5867,15,39
5869,17,39
5879,27,39
5881,29,39
5897,45,39
5903,51,39
5923,71,39
5927,75,39
5939,87,39
5953,101,39
5981,129,39
5987,135,39
6007,5,40
6011,9,40
6029,27,40
6037,35,40
6043,41,40
6047,45,40
6053,51,40
6067,65,40
6073,71,40
6079,77,40
6089,87,40
6091,89,40
6101,99,40
6113,111,40
6121,119,40
6131,129,40
6133,131,40
6143,141,40
6151,149,40
6163,11,41
6173,21,41
6197,45,41
6199,47,41
6203,51,41
6211,59,41
6217,65,41
6221,69,41
6229,77,41
6247,95,41
6257,105,41
6263,111,41
6269,117,41
6271,119,41
6277,125,41
6287,135,41
6299,147,41
6301,149,41
6311,9,42
6317,15,42
6323,21,42
6329,27,42
6337,35,42
6343,41,42
6353,51,42
6359,57,42
6361,59,42
6367,65,42
6373,71,42
6379,77,42
6389,87,42
6397,95,42
6421,119,42
6427,125,42
6449,147,42
6451,149,42
6469,17,43
6473,21,43
6481,29,43
6491,39,43
6521,69,43
6529,77,43
6547,95,43
6551,99,43
6553,101,43
6563,111,43
6569,117,43
6571,119,43
6577,125,43
6581,129,43
6599,147,43
6607,5,44
6619,17,44
6637,35,44
6653,51,44
6659,57,44
6661,59,44
6673,71,44
6679,77,44
6689,87,44
6691,89,44
6701,99,44
6703,101,44
6709,107,44
6719,117,44
6733,131,44
6737,135,44
6761,9,45
6763,11,45
6779,27,45
6781,29,45
6791,39,45
6793,41,45
6803,51,45
6823,71,45
6827,75,45
6829,77,45
6833,81,45
6841,89,45
6857,105,45
6863,111,45
6869,117,45
6871,119,45
6883,131,45
6899,147,45
6907,5,46
6911,9,46
6917,15,46
6947,45,46
6949,47,46
6959,57,46
6961,59,46
6967,65,46
6971,69,46
6977,75,46
6983,81,46
6991,89,46
6997,95,46
7001,99,46
7013,111,46
7019,117,46
7027,125,46
7039,137,46
7043,141,46
7057,5,47
7069,17,47
7079,27,47
7103,51,47
7109,57,47
7121,69,47
7127,75,47
7129,77,47
7151,99,47
7159,107,47
7177,125,47
7187,135,47
7193,141,47
7207,5,48
7211,9,48
7213,11,48
7219,17,48
7229,27,48
7237,35,48
7243,41,48
7247,45,48
7253,51,48
7283,81,48
7297,95,48
7307,105,48
7309,107,48
7321,119,48
7331,129,48
7333,131,48
7349,147,48
7351,149,48
7369,17,49
7393,41,49
7411,59,49
7417,65,49
7433,81,49
7451,99,49
7457,105,49
7459,107,49
7477,125,49
7481,129,49
7487,135,49
7489,137,49
7499,147,49
7507,5,50
7517,15,50
7523,21,50
7529,27,50
7537,35,50
7541,39,50
7547,45,50
7549,47,50
7559,57,50
7561,59,50
7573,71,50
7577,75,50
7583,81,50
7589,87,50
7591,89,50
7603,101,50
7607,105,50
7621,119,50
7639,137,50
7643,141,50
7649,147,50
7669,17,51
7673,21,51
7681,29,51
7687,35,51
7691,39,51
7699,47,51
7703,51,51
7717,65,51
7723,71,51
7727,75,51
7741,89,51
7753,101,51
7757,105,51
7759,107,51
7789,137,51
7793,141,51
7817,15,52
7823,21,52
7829,27,52
7841,39,52
7853,51,52
7867,65,52
7873,71,52
7877,75,52
7879,77,52
7883,81,52
7901,99,52
7907,105,52
7919,117,52
7927,125,52
7933,131,52
7937,135,52
7949,147,52
7951,149,52
7963,11,53
7993,41,53
8009,57,53
8011,59,53
8017,65,53
8039,87,53
8053,101,53
8059,107,53
8069,117,53
8081,129,53
8087,135,53
8089,137,53
8093,141,53
8101,149,53
8111,9,54
8117,15,54
8123,21,54
8147,45,54
8161,59,54
8167,65,54
8171,69,54
8179,77,54
8191,89,54
8209,107,54
8219,117,54
8221,119,54
8231,129,54
8233,131,54
8237,135,54
8243,141,54
8263,11,55
8269,17,55
8273,21,55
8287,35,55
8291,39,55
8293,41,55
8297,45,55
8311,59,55
8317,65,55
8329,77,55
8353,101,55
8363,111,55
8369,117,55
8377,125,55
8387,135,55
8389,137,55
8419,17,56
8423,21,56
8429,27,56
8431,29,56
8443,41,56
8447,45,56
8461,59,56
8467,65,56
8501,99,56
8513,111,56
8521,119,56
8527,125,56
8537,135,56
8539,137,56
8543,141,56
8563,11,57
8573,21,57
8581,29,57
8597,45,57
8599,47,57
8609,57,57
8623,71,57
8627,75,57
8629,77,57
8641,89,57
8647,95,57
8663,111,57
8669,117,57
8677,125,57
8681,129,57
8689,137,57
8693,141,57
8699,147,57
8707,5,58
8713,11,58
8719,17,58
8731,29,58
8737,35,58
8741,39,58
8747,45,58
8753,51,58
8761,59,58
8779,77,58
8783,81,58
8803,101,58
8807,105,58
8819,117,58
8821,119,58
8831,129,58
8837,135,58
8839,137,58
8849,147,58
8861,9,59
8863,11,59
8867,15,59
8887,35,59
8893,41,59
8923,71,59
8929,77,59
8933,81,59
8941,89,59
8951,99,59
8963,111,59
8969,117,59
8971,119,59
8999,147,59
9001,149,59
9007,5,60
9011,9,60
9013,11,60
9029,27,60
9041,39,60
9043,41,60
9049,47,60
9059,57,60
9067,65,60
9091,89,60
9103,101,60
9109,107,60
9127,125,60
9133,131,60
9137,135,60
9151,149,60
9157,5,61
9161,9,61
9173,21,61
9181,29,61
9187,35,61
9199,47,61
9203,51,61
9209,57,61
9221,69,61
9227,75,61
9239,87,61
9241,89,61
9257,105,61
9277,125,61
9281,129,61
9283,131,61
9293,141,61
9311,9,62
9319,17,62
9323,21,62
9337,35,62
9341,39,62
9343,41,62
9349,47,62
9371,69,62
9377,75,62
9391,89,62
9397,95,62
9403,101,62
9413,111,62
9419,117,62
9421,119,62
9431,129,62
9433,131,62
9437,135,62
9439,137,62
9461,9,63
9463,11,63
9467,15,63
9473,21,63
9479,27,63
9491,39,63
9497,45,63
9511,59,63
9521,69,63
9533,81,63
9539,87,63
9547,95,63
9551,99,63
9587,135,63
9601,149,63
9613,11,64
9619,17,64
9623,21,64
9629,27,64
9631,29,64
9643,41,64
9649,47,64
9661,59,64
9677,75,64
9679,77,64
9689,87,64
9697,95,64
9719,117,64
9721,119,64
9733,131,64
9739,137,64
9743,141,64
9749,147,64
9767,15,65
9769,17,65
9781,29,65
9787,35,65
9791,39,65
9803,51,65
9811,59,65
9817,65,65
9829,77,65
9833,81,65
9839,87,65
9851,99,65
9857,105,65
9859,107,65
9871,119,65
9883,131,65
9887,135,65
9901,149,65
9907,5,66
9923,21,66
9929,27,66
9931,29,66
9941,39,66
9949,47,66
9967,65,66
9973,71,66
10007,105,66
10009,107,66
10037,135,66
10039,137,66
10061,9,67
10067,15,67
10069,17,67
10079,27,67
10091,39,67
10093,41,67
10099,47,67
10103,51,67
10111,59,67
10133,81,67
10139,87,67
10141,89,67
10151,99,67
10159,107,67
10163,111,67
10169,117,67
10177,125,67
10181,129,67
10193,141,67
10211,9,68
10223,21,68
10243,41,68
10247,45,68
10253,51,68
10259,57,68
10267,65,68
10271,69,68
10273,71,68
10289,87,68
10301,99,68
10303,101,68
10313,111,68
10321,119,68
10331,129,68
10333,131,68
10337,135,68
10343,141,68
10357,5,69
10369,17,69
10391,39,69
10399,47,69
10427,75,69
10429,77,69
10433,81,69
10453,101,69
10457,105,69
10459,107,69
10463,111,69
10477,125,69
10487,135,69
10499,147,69
10501,149,69
10513,11,70
10529,27,70
10531,29,70
10559,57,70
10567,65,70
10589,87,70
10597,95,70
10601,99,70
10607,105,70
10613,111,70
10627,125,70
10631,129,70
10639,137,70
10651,149,70
10657,5,71
10663,11,71
10667,15,71
10687,35,71
10691,39,71
10709,57,71
10711,59,71
10723,71,71
10729,77,71
10733,81,71
10739,87,71
10753,101,71
10771,119,71
10781,129,71
10789,137,71
10799,147,71
10831,29,72
10837,35,72
10847,45,72
10853,51,72
10859,57,72
10861,59,72
10867,65,72
10883,81,72
10889,87,72
10891,89,72
10903,101,72
10909,107,72
10937,135,72
10939,137,72
10949,147,72
10957,5,73
10973,21,73
10979,27,73
10987,35,73
10993,41,73
11003,51,73
11027,75,73
11047,95,73
11057,105,73
11059,107,73
11069,117,73
11071,119,73
11083,131,73
11087,135,73
11093,141,73
11113,11,74
11117,15,74
11119,17,74
11131,29,74
11149,47,74
11159,57,74
11161,59,74
11171,69,74
11173,71,74
11177,75,74
11197,95,74
11213,111,74
11239,137,74
11243,141,74
11251,149,74
11257,5,75
11261,9,75
11273,21,75
11279,27,75
11287,35,75
11299,47,75
11311,59,75
11317,65,75
11321,69,75
11329,77,75
11351,99,75
11353,101,75
11369,117,75
11383,131,75
11393,141,75
11399,147,75
11411,9,76
11423,21,76
11437,35,76
11443,41,76
11447,45,76
11467,65,76
11471,69,76
11483,81,76
11489,87,76
11491,89,76
11497,95,76
11503,101,76
11519,117,76
11527,125,76
11549,147,76
11551,149,76
11579,27,77
11587,35,77
11593,41,77
11597,45,77
11617,65,77
11621,69,77
11633,81,77
11657,105,77
11677,125,77
11681,129,77
11689,137,77
11699,147,77
11701,149,77
11717,15,78
11719,17,78
11731,29,78
11743,41,78
11777,75,78
11779,77,78
11783,81,78
11789,87,78
11801,99,78
11807,105,78
11813,111,78
11821,119,78
11827,125,78
11831,129,78
11833,131,78
11839,137,78
11863,11,79
11867,15,79
11887,35,79
11897,45,79
11903,51,79
11909,57,79
11923,71,79
11927,75,79
11933,81,79
11939,87,79
11941,89,79
11953,101,79
11959,107,79
11969,117,79
11971,119,79
11981,129,79
11987,135,79
12007,5,80
12011,9,80
12037,35,80
12041,39,80
12043,41,80
12049,47,80
12071,69,80
12073,71,80
12097,95,80
12101,99,80
12107,105,80
12109,107,80
12113,111,80
12119,117,80
12143,141,80
12149,147,80
12157,5,81
12161,9,81
12163,11,81
12197,45,81
12203,51,81
12211,59,81
12227,75,81
12239,87,81
12241,89,81
12251,99,81
12253,101,81
12263,111,81
12269,117,81
12277,125,81
12281,129,81
12289,137,81
12301,149,81
12323,21,82
12329,27,82
12343,41,82
12347,45,82
12373,71,82
12377,75,82
12379,77,82
12391,89,82
12401,99,82
12409,107,82
12413,111,82
12421,119,82
12433,131,82
12437,135,82
12451,149,82
12457,5,83
12473,21,83
12479,27,83
12487,35,83
12491,39,83
12497,45,83
12503,51,83
12511,59,83
12517,65,83
12527,75,83
12539,87,83
12541,89,83
12547,95,83
12553,101,83
12569,117,83
12577,125,83
12583,131,83
12589,137,83
12601,149,83
12611,9,84
12613,11,84
12619,17,84
12637,35,84
12641,39,84
12647,45,84
12653,51,84
12659,57,84
12671,69,84
12689,87,84
12697,95,84
12703,101,84
12713,111,84
12721,119,84
12739,137,84
12743,141,84
12757,5,85
12763,11,85
12781,29,85
12791,39,85
12799,47,85
12809,57,85
12821,69,85
12823,71,85
12829,77,85
12841,89,85
12853,101,85
12889,137,85
12893,141,85
12899,147,85
12907,5,86
12911,9,86
12917,15,86
12919,17,86
12923,21,86
12941,39,86
12953,51,86
12959,57,86
12967,65,86
12973,71,86
12979,77,86
12983,81,86
13001,99,86
13003,101,86
13007,105,86
13009,107,86
13033,131,86
13037,135,86
13043,141,86
13049,147,86
13063,11,87
13093,41,87
13099,47,87
13103,51,87
13109,57,87
13121,69,87
13127,75,87
13147,95,87
13151,99,87
13159,107,87
13163,111,87
13171,119,87
13177,125,87
13183,131,87
13187,135,87
13217,15,88
13219,17,88
13229,27,88
13241,39,88
13249,47,88
13259,57,88
13267,65,88
13291,89,88
13297,95,88
13309,107,88
13313,111,88
13327,125,88
13331,129,88
13337,135,88
13339,137,88
13367,15,89
13381,29,89
13397,45,89
13399,47,89
13411,59,89
13417,65,89
13421,69,89
13441,89,89
13451,99,89
13457,105,89
13463,111,89
13469,117,89
13477,125,89
13487,135,89
13499,147,89
13513,11,90
13523,21,90
13537,35,90
13553,51,90
13567,65,90
13577,75,90
13591,89,90
13597,95,90
13613,111,90
13619,117,90
13627,125,90
13633,131,90
13649,147,90
13669,17,91
13679,27,91
13681,29,91
13687,35,91
13691,39,91
13693,41,91
13697,45,91
13709,57,91
13711,59,91
13721,69,91
13723,71,91
13729,77,91
13751,99,91
13757,105,91
13759,107,91
13763,111,91
13781,129,91
13789,137,91
13799,147,91
13807,5,92
13829,27,92
13831,29,92
13841,39,92
13859,57,92
13873,71,92
13877,75,92
13879,77,92
13883,81,92
13901,99,92
13903,101,92
13907,105,92
13913,111,92
13921,119,92
13931,129,92
13933,131,92
13963,11,93
13967,15,93
13997,45,93
13999,47,93
14009,57,93
14011,59,93
14029,77,93
14033,81,93
14051,99,93
14057,105,93
14071,119,93
14081,129,93
14083,131,93
14087,135,93
14107,5,94
14143,41,94
14149,47,94
14153,51,94
14159,57,94
14173,71,94
14177,75,94
14197,95,94
14207,105,94
14221,119,94
14243,141,94
14249,147,94
14251,149,94
14281,29,95
14293,41,95
14303,51,95
14321,69,95
14323,71,95
14327,75,95
14341,89,95
14347,95,95
14369,117,95
14387,135,95
14389,137,95
14401,149,95
14407,5,96
14411,9,96
14419,17,96
14423,21,96
14431,29,96
14437,35,96
14447,45,96
14449,47,96
14461,59,96
14479,77,96
14489,87,96
14503,101,96
14519,117,96
14533,131,96
14537,135,96
14543,141,96
14549,147,96
14551,149,96
14557,5,97
14561,9,97
14563,11,97
14591,39,97
14593,41,97
14621,69,97
14627,75,97
14629,77,97
14633,81,97
14639,87,97
14653,101,97
14657,105,97
14669,117,97
14683,131,97
14699,147,97
14713,11,98
14717,15,98
14723,21,98
14731,29,98
14737,35,98
14741,39,98
14747,45,98
14753,51,98
14759,57,98
14767,65,98
14771,69,98
14779,77,98
14783,81,98
14797,95,98
14813,111,98
14821,119,98
14827,125,98
14831,129,98
14843,141,98
14851,149,98
14867,15,99
14869,17,99
14879,27,99
14887,35,99
14891,39,99
14897,45,99
14923,71,99
14929,77,99
14939,87,99
14947,95,99
14951,99,99
14957,105,99
14969,117,99
14983,131,99
15013,11,100
15017,15,100
15031,29,100
15053,51,100
15061,59,100
15073,71,100
15077,75,100
15083,81,100
15091,89,100
15101,99,100
15107,105,100
15121,119,100
15131,129,100
15137,135,100
15139,137,100
15149,147,100
15161,9,101
15173,21,101
15187,35,101
15193,41,101
15199,47,101
15217,65,101
15227,75,101
15233,81,101
15241,89,101
15259,107,101
15263,111,101
15269,117,101
15271,119,101
15277,125,101
15287,135,101
15289,137,101
15299,147,101
15307,5,102
15313,11,102
15319,17,102
15329,27,102
15331,29,102
15349,47,102
15359,57,102
15361,59,102
15373,71,102
15377,75,102
15383,81,102
15391,89,102
15401,99,102
15413,111,102
15427,125,102
15439,137,102
15443,141,102
15451,149,102
15461,9,103
15467,15,103
15473,21,103
15493,41,103
15497,45,103
15511,59,103
15527,75,103
15541,89,103
15551,99,103
15559,107,103
15569,117,103
15581,129,103
15583,131,103
15601,149,103
15607,5,104
15619,17,104
15629,27,104
15641,39,104
15643,41,104
15647,45,104
15649,47,104
15661,59,104
15667,65,104
15671,69,104
15679,77,104
15683,81,104
15727,125,104
15731,129,104
15733,131,104
15737,135,104
15739,137,104
15749,147,104
15761,9,105
15767,15,105
15773,21,105
15787,35,105
15791,39,105
15797,45,105
15803,51,105
15809,57,105
15817,65,105
15823,71,105
15859,107,105
15877,125,105
15881,129,105
15887,135,105
15889,137,105
15901,149,105
15907,5,106
15913,11,106
15919,17,106
15923,21,106
15937,35,106
15959,57,106
15971,69,106
15973,71,106
15991,89,106
16001,99,106
16007,105,106
16033,131,106
16057,5,107
16061,9,107
16063,11,107
16067,15,107
16069,17,107
16073,21,107
16087,35,107
16091,39,107
16097,45,107
16103,51,107
16111,59,107
16127,75,107
16139,87,107
16141,89,107
16183,131,107
16187,135,107
16189,137,107
16193,141,107
16217,15,108
16223,21,108
16229,27,108
16231,29,108
16249,47,108
16253,51,108
16267,65,108
16273,71,108
16301,99,108
16319,117,108
16333,131,108
16339,137,108
16349,147,108
16361,9,109
16363,11,109
16369,17,109
16381,29,109
16411,59,109
16417,65,109
16421,69,109
16427,75,109
16433,81,109
16447,95,109
16451,99,109
16453,101,109
16477,125,109
16481,129,109
16487,135,109
16493,141,109
16519,17,110
16529,27,110
16547,45,110
16553,51,110
16561,59,110
16567,65,110
16573,71,110
16603,101,110
16607,105,110
16619,117,110
16631,129,110
16633,131,110
16649,147,110
16651,149,110
16657,5,111
16661,9,111
16673,21,111
16691,39,111
16693,41,111
16699,47,111
16703,51,111
16729,77,111
16741,89,111
16747,95,111
16759,107,111
16763,111,111
16787,135,111
16811,9,112
16823,21,112
16829,27,112
16831,29,112
16843,41,112
16871,69,112
16879,77,112
16883,81,112
16889,87,112
16901,99,112
16903,101,112
16921,119,112
16927,125,112
16931,129,112
16937,135,112
16943,141,112
16963,11,113
16979,27,113
16981,29,113
16987,35,113
16993,41,113
17011,59,113
17021,69,113
17027,75,113
17029,77,113
17033,81,113
17041,89,113
17047,95,113
17053,101,113
17077,125,113
17093,141,113
17099,147,113
17107,5,114
17117,15,114
17123,21,114
17137,35,114
17159,57,114
17167,65,114
17183,81,114
17189,87,114
17191,89,114
17203,101,114
17207,105,114
17209,107,114
17231,129,114
17239,137,114
17257,5,115
17291,39,115
17293,41,115
17299,47,115
17317,65,115
17321,69,115
17327,75,115
17333,81,115
17341,89,115
17351,99,115
17359,107,115
17377,125,115
17383,131,115
17387,135,115
17389,137,115
17393,141,115
17401,149,115
17417,15,116
17419,17,116
17431,29,116
17443,41,116
17449,47,116
17467,65,116
17471,69,116
17477,75,116
17483,81,116
17489,87,116
17491,89,116
17497,95,116
17509,107,116
17519,117,116
17539,137,116
17551,149,116
17569,17,117
17573,21,117
17579,27,117
17581,29,117
17597,45,117
17599,47,117
17609,57,117
17623,71,117
17627,75,117
17657,105,117
17659,107,117
17669,117,117
17681,129,117
17683,131,117
17707,5,118
17713,11,118
17729,27,118
17737,35,118
17747,45,118
17749,47,118
17761,59,118
17783,81,118
17789,87,118
17791,89,118
17807,105,118
17827,125,118
17837,135,118
17839,137,118
17851,149,118
17863,11,119
17881,29,119
17891,39,119
17903,51,119
17909,57,119
17911,59,119
17921,69,119
17923,71,119
17929,77,119
17939,87,119
17957,105,119
17959,107,119
17971,119,119
17977,125,119
17981,129,119
17987,135,119
17989,137,119
18013,11,120
18041,39,120
18043,41,120
18047,45,120
18049,47,120
18059,57,120
18061,59,120
18077,75,120
18089,87,120
18097,95,120
18119,117,120
18121,119,120
18127,125,120
18131,129,120
18133,131,120
18143,141,120
18149,147,120
18169,17,121
18181,29,121
18191,39,121
18199,47,121
18211,59,121
18217,65,121
18223,71,121
18229,77,121
18233,81,121
18251,99,121
18253,101,121
18257,105,121
18269,117,121
18287,135,121
18289,137,121
18301,149,121
18307,5,122
18311,9,122
18313,11,122
18329,27,122
18341,39,122
18353,51,122
18367,65,122
18371,69,122
18379,77,122
18397,95,122
18401,99,122
18413,111,122
18427,125,122
18433,131,122
18439,137,122
18443,141,122
18451,149,122
18457,5,123
18461,9,123
18481,29,123
18493,41,123
18503,51,123
18517,65,123
18521,69,123
18523,71,123
18539,87,123
18541,89,123
18553,101,123
18583,131,123
18587,135,123
18593,141,123
18617,15,124
18637,35,124
18661,59,124
18671,69,124
18679,77,124
18691,89,124
18701,99,124
18713,111,124
18719,117,124
18731,129,124
18743,141,124
18749,147,124
18757,5,125
18773,21,125
18787,35,125
18793,41,125
18797,45,125
18803,51,125
18839,87,125
18859,107,125
18869,117,125
18899,147,125
18911,9,126
18913,11,126
18917,15,126
18919,17,126
18947,45,126
18959,57,126
18973,71,126
18979,77,126
19001,99,126
19009,107,126
19013,111,126
19031,129,126
19037,135,126
19051,149,126
19069,17,127
19073,21,127
19079,27,127
19081,29,127
19087,35,127
19121,69,127
19139,87,127
19141,89,127
19157,105,127
19163,111,127
19181,129,127
19183,131,127
19207,5,128
19211,9,128
19213,11,128
19219,17,128
19231,29,128
19237,35,128
19249,47,128
19259,57,128
19267,65,128
19273,71,128
19289,87,128
19301,99,128
19309,107,128
19319,117,128
19333,131,128
19373,21,129
19379,27,129
19381,29,129
19387,35,129
19391,39,129
19403,51,129
19417,65,129
19421,69,129
19423,71,129
19427,75,129
19429,77,129
19433,81,129
19441,89,129
19447,95,129
19457,105,129
19463,111,129
19469,117,129
19471,119,129
19477,125,129
19483,131,129
19489,137,129
19501,149,129
19507,5,130
19531,29,130
19541,39,130
19543,41,130
19553,51,130
19559,57,130
19571,69,130
19577,75,130
19583,81,130
19597,95,130
19603,101,130
19609,107,130
19661,9,131
19681,29,131
19687,35,131
19697,45,131
19699,47,131
19709,57,131
19717,65,131
19727,75,131
19739,87,131
19751,99,131
19753,101,131
19759,107,131
19763,111,131
19777,125,131
19793,141,131
19801,149,131
19813,11,132
19819,17,132
19841,39,132
19843,41,132
19853,51,132
19861,59,132
19867,65,132
19889,87,132
19891,89,132
19913,111,132
19919,117,132
19927,125,132
19937,135,132
19949,147,132
19961,9,133
19963,11,133
19973,21,133
19979,27,133
19991,39,133
19993,41,133
19997,45,133
20011,59,133
20021,69,133
20023,71,133
20029,77,133
20047,95,133
20051,99,133
20063,111,133
20071,119,133
20089,137,133
20101,149,133
20107,5,134
20113,11,134
20117,15,134
20123,21,134
20129,27,134
20143,41,134
20147,45,134
20149,47,134
20161,59,134
20173,71,134
20177,75,134
20183,81,134
20201,99,134
20219,117,134
20231,129,134
20233,131,134
20249,147,134
20261,9,135
20269,17,135
20287,35,135
20297,45,135
20323,71,135
20327,75,135
20333,81,135
20341,89,135
20347,95,135
20353,101,135
20357,105,135
20359,107,135
20369,117,135
20389,137,135
20393,141,135
20399,147,135
20407,5,136
20411,9,136
20431,29,136
20441,39,136
20443,41,136
20477,75,136
20479,77,136
20483,81,136
20507,105,136
20509,107,136
20521,119,136
20533,131,136
20543,141,136
20549,147,136
20551,149,136
20563,11,137
20593,41,137
20599,47,137
20611,59,137
20627,75,137
20639,87,137
20641,89,137
20663,111,137
20681,129,137
20693,141,137
20707,5,138
20717,15,138
20719,17,138
20731,29,138
20743,41,138
20747,45,138
20749,47,138
20753,51,138
20759,57,138
20771,69,138
20773,71,138
20789,87,138
20807,105,138
20809,107,138
20849,147,138
20857,5,139
20873,21,139
20879,27,139
20887,35,139
20897,45,139
20899,47,139
20903,51,139
20921,69,139
20929,77,139
20939,87,139
20947,95,139
20959,107,139
20963,111,139
20981,129,139
20983,131,139
21001,149,139
21011,9,140
21013,11,140
21017,15,140
21019,17,140
21023,21,140
21031,29,140
21059,57,140
21061,59,140
21067,65,140
21089,87,140
21101,99,140
21107,105,140
21121,119,140
21139,137,140
21143,141,140
21149,147,140
21157,5,141
21163,11,141
21169,17,141
21179,27,141
21187,35,141
21191,39,141
21193,41,141
21211,59,141
21221,69,141
21227,75,141
21247,95,141
21269,117,141
21277,125,141
21283,131,141
21313,11,142
21317,15,142
21319,17,142
21323,21,142
21341,39,142
21347,45,142
21377,75,142
21379,77,142
21383,81,142
21391,89,142
21397,95,142
21401,99,142
21407,105,142
21419,117,142
21433,131,142
21467,15,143
21481,29,143
21487,35,143
21491,39,143
21493,41,143
21499,47,143
21503,51,143
21517,65,143
21521,69,143
21523,71,143
21529,77,143
21557,105,143
21559,107,143
21563,111,143
21569,117,143
21577,125,143
21587,135,143
21589,137,143
21599,147,143
21601,149,143
21611,9,144
21613,11,144
21617,15,144
21647,45,144
21649,47,144
21661,59,144
21673,71,144
21683,81,144
21701,99,144
21713,111,144
21727,125,144
21737,135,144
21739,137,144
21751,149,144
21757,5,145
21767,15,145
21773,21,145
21787,35,145
21799,47,145
21803,51,145
21817,65,145
21821,69,145
21839,87,145
21841,89,145
21851,99,145
21859,107,145
21863,111,145
21871,119,145
21881,129,145
21893,141,145
21911,9,146
21929,27,146
21937,35,146
21943,41,146
21961,59,146
21977,75,146
21991,89,146
21997,95,146
22003,101,146
22013,111,146
22027,125,146
22031,129,146
22037,135,146
22039,137,146
22051,149,146
22063,11,147
22067,15,147
22073,21,147
22079,27,147
22091,39,147
22093,41,147
22109,57,147
22111,59,147
22123,71,147
22129,77,147
22133,81,147
22147,95,147
22153,101,147
22157,105,147
22159,107,147
22171,119,147
22189,137,147
22193,141,147
22229,27,148
22247,45,148
22259,57,148
22271,69,148
22273,71,148
22277,75,148
22279,77,148
22283,81,148
22291,89,148
22303,101,148
22307,105,148
22343,141,148
22349,147,148
22367,15,149
22369,17,149
22381,29,149
22391,39,149
22397,45,149
22409,57,149
22433,81,149
22441,89,149
22447,95,149
22453,101,149
22469,117,149
22481,129,149
22483,131,149
22501,149,149
22511,9,150
22531,29,150
22541,39,150
22543,41,150
22549,47,150
22567,65,150
22571,69,150
22573,71,150
22613,111,150
22619,117,150
22621,119,150
22637,135,150
22639,137,150
22643,141,150
22651,149,150
22669,17,151
22679,27,151
22691,39,151
22697,45,151
22699,47,151
22709,57,151
22717,65,151
22721,69,151
22727,75,151
22739,87,151
22741,89,151
22751,99,151
22769,117,151
22777,125,151
22783,131,151
22787,135,151
22807,5,152
22811,9,152
22817,15,152
22853,51,152
22859,57,152
22861,59,152
22871,69,152
22877,75,152
22901,99,152
22907,105,152
22921,119,152
22937,135,152
22943,141,152
22961,9,153
22963,11,153
22973,21,153
22993,41,153
23003,51,153
23011,59,153
23017,65,153
23021,69,153
23027,75,153
23029,77,153
23039,87,153
23041,89,153
23053,101,153
23057,105,153
23059,107,153
23063,111,153
23071,119,153
23081,129,153
23087,135,153
23099,147,153
23117,15,154
23131,29,154
23143,41,154
23159,57,154
23167,65,154
23173,71,154
23189,87,154
23197,95,154
23201,99,154
23203,101,154
23209,107,154
23227,125,154
23251,149,154
23269,17,155
23279,27,155
23291,39,155
23293,41,155
23297,45,155
23311,59,155
23321,69,155
23327,75,155
23333,81,155
23339,87,155
23357,105,155
23369,117,155
23371,119,155
23399,147,155
23417,15,156
23431,29,156
23447,45,156
23459,57,156
23473,71,156
23497,95,156
23509,107,156
23531,129,156
23537,135,156
23539,137,156
23549,147,156
23557,5,157
23561,9,157
23563,11,157
23567,15,157
23581,29,157
23593,41,157
23599,47,157
23603,51,157
23609,57,157
23623,71,157
23627,75,157
23629,77,157
23633,81,157
23663,111,157
23669,117,157
23671,119,157
23677,125,157
23687,135,157
23689,137,157
23719,17,158
23741,39,158
23743,41,158
23747,45,158
23753,51,158
23761,59,158
23767,65,158
23773,71,158
23789,87,158
23801,99,158
23813,111,158
23819,117,158
23827,125,158
23831,129,158
23833,131,158
23857,5,159
23869,17,159
23873,21,159
23879,27,159
23887,35,159
23893,41,159
23899,47,159
23909,57,159
23911,59,159
23917,65,159
23929,77,159
23957,105,159
23971,119,159
23977,125,159
23981,129,159
23993,141,159
24001,149,159
24007,5,160
24019,17,160
24023,21,160
24029,27,160
24043,41,160
24049,47,160
24061,59,160
24071,69,160
24077,75,160
24083,81,160
24091,89,160
24097,95,160
24103,101,160
24107,105,160
24109,107,160
24113,111,160
24121,119,160
24133,131,160
24137,135,160
24151,149,160
24169,17,161
24179,27,161
24181,29,161
24197,45,161
24203,51,161
24223,71,161
24229,77,161
24239,87,161
24247,95,161
24251,99,161
24281,129,161
24317,15,162
24329,27,162
24337,35,162
24359,57,162
24371,69,162
24373,71,162
24379,77,162
24391,89,162
24407,105,162
24413,111,162
24419,117,162
24421,119,162
24439,137,162
24443,141,162
24469,17,163
24473,21,163
24481,29,163
24499,47,163
24509,57,163
24517,65,163
24527,75,163
24533,81,163
24547,95,163
24551,99,163
24571,119,163
24593,141,163
24611,9,164
24623,21,164
24631,29,164
24659,57,164
24671,69,164
24677,75,164
24683,81,164
24691,89,164
24697,95,164
24709,107,164
24733,131,164
24749,147,164
24763,11,165
24767,15,165
24781,29,165
24793,41,165
24799,47,165
24809,57,165
24821,69,165
24841,89,165
24847,95,165
24851,99,165
24859,107,165
24877,125,165
24889,137,165
24907,5,166
24917,15,166
24919,17,166
24923,21,166
24943,41,166
24953,51,166
24967,65,166
24971,69,166
24977,75,166
24979,77,166
24989,87,166
25013,111,166
25031,129,166
25033,131,166
25037,135,166
25057,5,167
25073,21,167
25087,35,167
25097,45,167
25111,59,167
25117,65,167
25121,69,167
25127,75,167
25147,95,167
25153,101,167
25163,111,167
25169,117,167
25171,119,167
25183,131,167
25189,137,167
25219,17,168
25229,27,168
25237,35,168
25243,41,168
25247,45,168
25253,51,168
25261,59,168
25301,99,168
25303,101,168
25307,105,168
25309,107,168
25321,119,168
25339,137,168
25343,141,168
25349,147,168
25357,5,169
25367,15,169
25373,21,169
25391,39,169
25409,57,169
25411,59,169
25423,71,169
25439,87,169
25447,95,169
25453,101,169
25457,105,169
25463,111,169
25469,117,169
25471,119,169
25523,21,170
25537,35,170
25541,39,170
25561,59,170
25577,75,170
25579,77,170
25583,81,170
25589,87,170
25601,99,170
25603,101,170
25609,107,170
25621,119,170
25633,131,170
25639,137,170
25643,141,170
25657,5,171
25667,15,171
25673,21,171
25679,27,171
25693,41,171
25703,51,171
25717,65,171
25733,81,171
25741,89,171
25747,95,171
25759,107,171
25763,111,171
25771,119,171
25793,141,171
25799,147,171
25801,149,171
25819,17,172
25841,39,172
25847,45,172
25849,47,172
25867,65,172
25873,71,172
25889,87,172
25903,101,172
25913,111,172
25919,117,172
25931,129,172
25933,131,172
25939,137,172
25943,141,172
25951,149,172
25969,17,173
25981,29,173
25997,45,173
25999,47,173
26003,51,173
26017,65,173
26021,69,173
26029,77,173
26041,89,173
26053,101,173
26083,131,173
26099,147,173
26107,5,174
26111,9,174
26113,11,174
26119,17,174
26141,39,174
26153,51,174
26161,59,174
26171,69,174
26177,75,174
26183,81,174
26189,87,174
26203,101,174
26209,107,174
26227,125,174
26237,135,174
26249,147,174
26251,149,174
26261,9,175
26263,11,175
26267,15,175
26293,41,175
26297,45,175
26309,57,175
26317,65,175
26321,69,175
26339,87,175
26347,95,175
26357,105,175
26371,119,175
26387,135,175
26393,141,175
26399,147,175
26407,5,176
26417,15,176
26423,21,176
26431,29,176
26437,35,176
26449,47,176
26459,57,176
26479,77,176
26489,87,176
26497,95,176
26501,99,176
26513,111,176
26539,137,176
26557,5,177
26561,9,177
26573,21,177
26591,39,177
26597,45,177
26627,75,177
26633,81,177
26641,89,177
26647,95,177
26669,117,177
26681,129,177
26683,131,177
26687,135,177
26693,141,177
26699,147,177
26701,149,177
26711,9,178
26713,11,178
26717,15,178
26723,21,178
26729,27,178
26731,29,178
26737,35,178
26759,57,178
26777,75,178
26783,81,178
26801,99,178
26813,111,178
26821,119,178
26833,131,178
26839,137,178
26849,147,178
26861,9,179
26863,11,179
26879,27,179
26881,29,179
26891,39,179
26893,41,179
26903,51,179
26921,69,179
26927,75,179
26947,95,179
26951,99,179
26953,101,179
26959,107,179
26981,129,179
26987,135,179
26993,141,179
27011,9,180
27017,15,180
27031,29,180
27043,41,180
27059,57,180
27061,59,180
27067,65,180
27073,71,180
27077,75,180
27091,89,180
27103,101,180
27107,105,180
27109,107,180
27127,125,180
27143,141,180
27179,27,181
27191,39,181
27197,45,181
27211,59,181
27239,87,181
27241,89,181
27253,101,181
27259,107,181
27271,119,181
27277,125,181
27281,129,181
27283,131,181
27299,147,181
27329,27,182
27337,35,182
27361,59,182
27367,65,182
27397,95,182
27407,105,182
27409,107,182
27427,125,182
27431,129,182
27437,135,182
27449,147,182
27457,5,183
27479,27,183
27481,29,183
27487,35,183
27509,57,183
27527,75,183
27529,77,183
27539,87,183
27541,89,183
27551,99,183
27581,129,183
27583,131,183
27611,9,184
27617,15,184
27631,29,184
27647,45,184
27653,51,184
27673,71,184
27689,87,184
27691,89,184
27697,95,184
27701,99,184
27733,131,184
27737,135,184
27739,137,184
27743,141,184
27749,147,184
27751,149,184
27763,11,185
27767,15,185
27773,21,185
27779,27,185
27791,39,185
27793,41,185
27799,47,185
27803,51,185
27809,57,185
27817,65,185
27823,71,185
27827,75,185
27847,95,185
27851,99,185
27883,131,185
27893,141,185
27901,149,185
27917,15,186
27919,17,186
27941,39,186
27943,41,186
27947,45,186
27953,51,186
27961,59,186
27967,65,186
27983,81,186
27997,95,186
28001,99,186
28019,117,186
28027,125,186
28031,129,186
28051,149,186
28057,5,187
28069,17,187
28081,29,187
28087,35,187
28097,45,187
28099,47,187
28109,57,187
28111,59,187
28123,71,187
28151,99,187
28163,111,187
28181,129,187
28183,131,187
28201,149,187
28211,9,188
28219,17,188
28229,27,188
28277,75,188
28279,77,188
28283,81,188
28289,87,188
28297,95,188
28307,105,188
28309,107,188
28319,117,188
28349,147,188
28351,149,188
28387,35,189
28393,41,189
28403,51,189
28409,57,189
28411,59,189
28429,77,189
28433,81,189
28439,87,189
28447,95,189
28463,111,189
28477,125,189
28493,141,189
28499,147,189
28513,11,190
28517,15,190
28537,35,190
28541,39,190
28547,45,190
28549,47,190
28559,57,190
28571,69,190
28573,71,190
28579,77,190
28591,89,190
28597,95,190
28603,101,190
28607,105,190
28619,117,190
28621,119,190
28627,125,190
28631,129,190
28643,141,190
28649,147,190
28657,5,191
28661,9,191
28663,11,191
28669,17,191
28687,35,191
28697,45,191
28703,51,191
28711,59,191
28723,71,191
28729,77,191
28751,99,191
28753,101,191
28759,107,191
28771,119,191
28789,137,191
28793,141,191
28807,5,192
28813,11,192
28817,15,192
28837,35,192
28843,41,192
28859,57,192
28867,65,192
28871,69,192
28879,77,192
28901,99,192
28909,107,192
28921,119,192
28927,125,192
28933,131,192
28949,147,192
28961,9,193
28979,27,193
29009,57,193
29017,65,193
29021,69,193
29023,71,193
29027,75,193
29033,81,193
29059,107,193
29063,111,193
29077,125,193
29101,149,193
29123,21,194
29129,27,194
29131,29,194
29137,35,194
29147,45,194
29153,51,194
29167,65,194
29173,71,194
29179,77,194
29191,89,194
29201,99,194
29207,105,194
29209,107,194
29221,119,194
29231,129,194
29243,141,194
29251,149,194
29269,17,195
29287,35,195
29297,45,195
29303,51,195
29311,59,195
29327,75,195
29333,81,195
29339,87,195
29347,95,195
29363,111,195
29383,131,195
29387,135,195
29389,137,195
29399,147,195
29401,149,195
29411,9,196
29423,21,196
29429,27,196
29437,35,196
29443,41,196
29453,51,196
29473,71,196
29483,81,196
29501,99,196
29527,125,196
29531,129,196
29537,135,196
29567,15,197
29569,17,197
29573,21,197
29581,29,197
29587,35,197
29599,47,197
29611,59,197
29629,77,197
29633,81,197
29641,89,197
29663,111,197
29669,117,197
29671,119,197
29683,131,197
29717,15,198
29723,21,198
29741,39,198
29753,51,198
29759,57,198
29761,59,198
29789,87,198
29803,101,198
29819,117,198
29833,131,198
29837,135,198
29851,149,198
29863,11,199
29867,15,199
29873,21,199
29879,27,199
29881,29,199
29917,65,199
29921,69,199
29927,75,199
29947,95,199
29959,107,199
29983,131,199
29989,137,199
