2,0,0
3,1,0
4,0,1
5,1,1
7,0,2
12,0,3
13,1,3
16,4,3
18,6,3
27,8,4
28,9,4
31,1,5
33,3,5
40,10,5
41,11,5
44,1,6
45,2,6
48,5,6
49,6,6
51,8,6
54,11,6
57,14,6
62,2,7
67,7,7
72,12,7
75,15,7
79,0,8
81,2,8
87,8,8
99,20,8
106,4,9
108,6,9
116,14,9
118,16,9
119,17,9
138,7,10
143,12,10
149,18,10
162,0,11
163,1,11
166,4,11
173,11,11
179,17,11
182,20,11
183,21,11
184,22,11
203,4,12
205,6,12
206,7,12
207,8,12
210,11,12
221,22,12
224,25,12
231,32,12
236,37,12
255,15,13
256,16,13
260,20,13
263,23,13
264,24,13
278,38,13
288,5,14
289,6,14
300,17,14
306,23,14
312,29,14
319,36,14
343,13,15
345,15,15
354,24,15
366,36,15
374,44,15
375,45,15
384,1,16
388,5,16
399,16,16
407,24,16
409,26,16
410,27,16
432,49,16
443,1,17
445,3,17
456,14,17
469,27,17
474,32,17
488,46,17
492,50,17
493,51,17
501,59,17
503,0,18
505,2,18
507,4,18
508,5,18
517,14,18
526,23,18
536,33,18
541,38,18
546,43,18
548,45,18
552,49,18
555,52,18
560,57,18
570,0,19
571,1,19
576,6,19
578,8,19
582,12,19
588,18,19
589,19,19
604,34,19
608,38,19
621,51,19
623,53,19
625,55,19
629,59,19
631,61,19
634,64,19
637,67,19
645,4,20
657,16,20
669,28,20
676,35,20
677,36,20
685,44,20
687,46,20
702,61,20
709,68,20
715,1,21
716,2,21
734,20,21
740,26,21
743,29,21
745,31,21
751,37,21
765,51,21
772,58,21
783,69,21
789,75,21
797,4,22
802,9,22
805,12,22
811,18,22
814,21,22
816,23,22
823,30,22
829,36,22
863,70,22
865,72,22
866,73,22
872,79,22
873,80,22
880,4,23
885,9,23
886,10,23
890,14,23
892,16,23
896,20,23
904,28,23
907,31,23
913,37,23
919,43,23
920,44,23
936,60,23
938,62,23
943,67,23
949,73,23
951,75,23
957,81,23
958,82,23
963,87,23
970,5,24
974,9,24
978,13,24
979,14,24
983,18,24
986,21,24
992,27,24
993,28,24
1003,38,24
1016,51,24
1018,53,24
1033,68,24
1035,70,24
1051,86,24
1055,90,24
1058,93,24
1060,95,24
1064,2,25
1068,6,25
1083,21,25
1085,23,25
1089,27,25
1121,59,25
1128,66,25
1134,72,25
1136,74,25
1138,76,25
1143,81,25
1153,91,25
1162,100,25
1167,4,26
1171,8,26
1173,10,26
1195,32,26
1196,33,26
1197,34,26
1200,37,26
1204,41,26
1206,43,26
1214,51,26
1219,56,26
1221,58,26
1222,59,26
1225,62,26
1237,74,26
1238,75,26
1248,85,26
1252,89,26
1261,98,26
1262,99,26
1278,12,27
1280,14,27
1290,24,27
1300,34,27
1321,55,27
1324,58,27
1330,64,27
1334,68,27
1336,70,27
1341,75,27
1348,82,27
1358,92,27
1361,95,27
1362,96,27
1375,2,28
1376,3,28
1383,10,28
1396,23,28
1409,36,28
1415,42,28
1459,86,28
1480,107,28
1484,2,29
1493,11,29
1496,14,29
1512,30,29
1514,32,29
1516,34,29
1520,38,29
1527,45,29
1531,49,29
1534,52,29
1551,69,29
1552,70,29
1555,73,29
1567,85,29
1570,88,29
1572,90,29
1590,108,29
1598,3,30
1616,21,30
1618,23,30
1632,37,30
1637,42,30
1644,49,30
1656,61,30
1657,62,30
1659,64,30
1676,81,30
1687,92,30
1697,102,30
1698,103,30
1712,117,30
1730,8,31
1731,9,31
1739,17,31
1758,36,31
1767,45,31
1768,46,31
1773,51,31
1777,55,31
1782,60,31
1785,63,31
1790,68,31
1797,75,31
1829,107,31
1834,112,31
1835,113,31
1841,119,31
1848,126,31
1864,11,32
1865,12,32
1886,33,32
1895,42,32
1898,45,32
1899,46,32
1905,52,32
1921,68,32
1929,76,32
1932,79,32
1933,80,32
1937,84,32
1953,100,32
1963,110,32
1968,115,32
1976,123,32
1985,132,32
1987,134,32
1988,135,32
1991,1,33
2002,12,33
2007,17,33
2016,26,33
2038,48,33
2051,61,33
2059,69,33
2061,71,33
2069,79,33
2073,83,33
2080,90,33
2086,96,33
2090,100,33
2092,102,33
2093,103,33
2096,106,33
2101,111,33
2103,113,33
2111,121,33
2115,125,33
2118,128,33
2129,0,34
2131,2,34
2145,16,34
2154,25,34
2159,30,34
2169,40,34
2170,41,34
2180,51,34
2193,64,34
2195,66,34
2197,68,34
2204,75,34
2209,80,34
2223,94,34
2231,102,34
2234,105,34
2240,111,34
2242,113,34
2243,114,34
2245,116,34
2248,119,34
2266,137,34
2267,138,34
2271,142,34
2278,0,35
2281,3,35
2286,8,35
2292,14,35
2321,43,35
2327,49,35
2335,57,35
2349,71,35
2357,79,35
2372,94,35
2377,99,35
2389,111,35
2397,119,35
2400,122,35
2413,135,35
2416,138,35
2422,144,35
2423,145,35
2437,8,36
2444,15,36
2478,49,36
2497,68,36
2517,88,36
2518,89,36
2522,93,36
2524,95,36
2525,96,36
2528,99,36
2530,101,36
2536,107,36
2551,122,36
2558,129,36
2561,132,36
2569,140,36
2573,144,36
2575,146,36
2588,2,37
2630,44,37
2649,63,37
2650,64,37
2660,74,37
2661,75,37
2664,78,37
2667,81,37
2674,88,37
2675,89,37
2678,92,37
2680,94,37
2712,126,37
2722,136,37
2761,12,38
2762,13,38
2763,14,38
2769,20,38
2775,26,38
2783,34,38
2790,41,38
2799,50,38
2834,85,38
2846,97,38
2848,99,38
2849,100,38
2852,103,38
2853,104,38
2857,108,38
2862,113,38
2888,139,38
2897,148,38
2898,149,38
2899,150,38
2900,151,38
2907,158,38
2908,159,38
2910,161,38
2911,162,38
2915,166,38
2928,12,39
2929,13,39
2948,32,39
2949,33,39
2962,46,39
2989,73,39
2998,82,39
3025,109,39
3034,118,39
3038,122,39
3040,124,39
3046,130,39
3047,131,39
3054,138,39
3064,148,39
3067,151,39
3071,155,39
3075,159,39
3083,167,39
3102,13,40
3105,16,40
3106,17,40
3118,29,40
3125,36,40
3126,37,40
3139,50,40
3144,55,40
3145,56,40
3162,73,40
3174,85,40
3181,92,40
3189,100,40
3217,128,40
3222,133,40
3231,142,40
3236,147,40
3250,161,40
3253,164,40
3258,169,40
3260,171,40
3278,10,41
3294,26,41
3298,30,41
3303,35,41
3304,36,41
3306,38,41
3333,65,41
3336,68,41
3338,70,41
3348,80,41
3359,91,41
3369,101,41
3377,109,41
3378,110,41
3379,111,41
3384,116,41
3385,117,41
3405,137,41
3418,150,41
3435,167,41
3441,173,41
3444,176,41
3447,179,41
3452,3,42
3455,6,42
3456,7,42
3467,18,42
3488,39,42
3489,40,42
3497,48,42
3507,58,42
3515,66,42
3526,77,42
3537,88,42
3540,91,42
3559,110,42
3560,111,42
3564,115,42
3565,116,42
3570,121,42
3579,130,42
3584,135,42
3590,141,42
3595,146,42
3600,151,42
3609,160,42
3611,162,42
3617,168,42
3625,176,42
3628,179,42
3638,189,42
3640,0,43
3649,9,43
3651,11,43
3652,12,43
3654,14,43
3667,27,43
3670,30,43
3674,34,43
3676,36,43
3677,37,43
3686,46,43
3692,52,43
3717,77,43
3718,78,43
3726,86,43
3729,89,43
3738,98,43
3746,106,43
3751,111,43
3758,118,43
3765,125,43
3774,134,43
3775,135,43
3777,137,43
3787,147,43
3802,162,43
3808,168,43
3823,183,43
3829,189,43
3836,3,44
3867,34,44
3869,36,44
3872,39,44
3883,50,44
3892,59,44
3896,63,44
3904,71,44
3908,75,44
3911,78,44
3912,79,44
3915,82,44
3916,83,44
3922,89,44
3929,96,44
3940,107,44
3944,111,44
3954,121,44
3961,128,44
3963,130,44
3968,135,44
3969,136,44
3972,139,44
3973,140,44
3979,146,44
3994,161,44
4018,185,44
4039,9,45
4040,10,45
4048,18,45
4053,23,45
4054,24,45
4055,25,45
4066,36,45
4071,41,45
4083,53,45
4101,71,45
4115,85,45
4119,89,45
4134,104,45
4135,105,45
4154,124,45
4165,135,45
4181,151,45
4183,153,45
4190,160,45
4202,172,45
4206,176,45
4208,178,45
4213,183,45
4215,185,45
4222,192,45
4234,5,46
4249,20,46
4254,25,46
4258,29,46
4268,39,46
4271,42,46
4277,48,46
4279,50,46
4282,53,46
4295,66,46
4299,70,46
4304,75,46
4309,80,46
4326,97,46
4330,101,46
4334,105,46
4337,108,46
4338,109,46
4341,112,46
4361,132,46
4384,155,46
4402,173,46
4403,174,46
4412,183,46
4424,195,46
4430,201,46
4438,209,46
4454,14,47
4457,17,47
4463,23,47
4466,26,47
4470,30,47
4475,35,47
4485,45,47
4491,51,47
4497,57,47
4522,82,47
4551,111,47
4552,112,47
4557,117,47
4560,120,47
4562,122,47
4564,124,47
4571,131,47
4577,137,47
4591,151,47
4607,167,47
4608,168,47
4611,171,47
4615,175,47
4627,187,47
4650,210,47
4659,219,47
4661,221,47
4662,222,47
4663,0,48
4671,8,48
4676,13,48
4677,14,48
4684,21,48
4714,51,48
4720,57,48
4725,62,48
4737,74,48
4775,112,48
4784,121,48
4785,122,48
4790,127,48
4795,132,48
4805,142,48
4813,150,48
4828,165,48
4832,169,48
4835,172,48
4850,187,48
4857,194,48
4869,206,48
4887,224,48
4892,2,49
4908,18,49
4935,45,49
4939,49,49
4940,50,49
4944,54,49
4955,65,49
4961,71,49
4965,75,49
4993,103,49
4995,105,49
5011,121,49
5016,126,49
5018,128,49
5019,129,49
5020,130,49
5023,133,49
5038,148,49
5045,155,49
5058,168,49
5061,171,49
5074,184,49
5078,188,49
5088,198,49
5095,205,49
5096,206,49
5097,207,49
5098,208,49
5101,211,49
5114,224,49
5123,4,50
5124,5,50
5132,13,50
5137,18,50
5138,19,50
5149,30,50
5157,38,50
5164,45,50
5169,50,50
5175,56,50
5195,76,50
5199,80,50
5200,81,50
5207,88,50
5229,110,50
5230,111,50
5233,114,50
5235,116,50
5246,127,50
5251,132,50
5266,147,50
5293,174,50
5316,197,50
5336,217,50
5338,219,50
5355,3,51
5416,64,51
5421,69,51
5422,70,51
5425,73,51
5446,94,51
5447,95,51
5453,101,51
5461,109,51
5464,112,51
5479,127,51
5483,131,51
5486,134,51
5503,151,51
5505,153,51
5524,172,51
5528,176,51
5543,191,51
5550,198,51
5588,236,51
5591,0,52
5593,2,52
5600,9,52
5612,21,52
5618,27,52
5619,28,52
5622,31,52
5631,40,52
5633,42,52
5638,47,52
5639,48,52
5645,54,52
5652,61,52
5654,63,52
5657,66,52
5662,71,52
5665,74,52
5670,79,52
5675,84,52
5683,92,52
5686,95,52
5704,113,52
5713,122,52
5715,124,52
5742,151,52
5764,173,52
5791,200,52
5793,202,52
5794,203,52
5814,223,52
5816,225,52
5832,0,53
5843,11,53
5848,16,53
5866,34,53
5881,49,53
5887,55,53
5889,57,53
5910,78,53
5916,84,53
5923,91,53
5936,104,53
5941,109,53
5943,111,53
5946,114,53
5968,136,53
5980,148,53
6013,181,53
6017,185,53
6035,203,53
6040,208,53
6049,217,53
6050,218,53
6054,222,53
6055,223,53
6067,235,53
6068,236,53
6072,240,53
6073,241,53
6076,244,53
6077,245,53
6079,247,53
6109,26,54
6112,29,54
6117,34,54
6119,36,54
6121,38,54
6134,51,54
6145,62,54
6147,64,54
6150,67,54
6151,68,54
6157,74,54
6163,80,54
6174,91,54
6177,94,54
6178,95,54
6189,106,54
6211,128,54
6214,131,54
6228,145,54
6238,155,54
6242,159,54
6245,162,54
6247,164,54
6251,168,54
6263,180,54
6267,184,54
6273,190,54
6277,194,54
6295,212,54
6303,220,54
6346,6,55
6348,8,55
6367,27,55
6368,28,55
6371,31,55
6376,36,55
6377,37,55
6395,55,55
6406,66,55
6410,70,55
6411,71,55
6430,90,55
6437,97,55
6461,121,55
6469,129,55
6496,156,55
6504,164,55
6512,172,55
6531,191,55
6537,197,55
6543,203,55
6552,212,55
6565,225,55
6567,227,55
6574,234,55
6583,243,55
6599,259,55
6609,6,56
6613,10,56
6616,13,56
6619,16,56
6627,24,56
6633,30,56
6635,32,56
6642,39,56
6648,45,56
6656,53,56
6659,56,56
6662,59,56
6665,62,56
6667,64,56
6685,82,56
6697,94,56
6700,97,56
6711,108,56
6723,120,56
6726,123,56
6729,126,56
6732,129,56
6734,131,56
6760,157,56
6766,163,56
6788,185,56
6794,191,56
6797,194,56
6799,196,56
6803,200,56
6806,203,56
6810,207,56
6817,214,56
6827,224,56
6829,226,56
6838,235,56
6847,244,56
6857,254,56
6869,266,56
6872,0,57
6873,1,57
6886,14,57
6899,27,57
6910,38,57
6912,40,57
6913,41,57
6953,81,57
6954,82,57
6962,90,57
6966,94,57
6986,114,57
7014,142,57
7019,147,57
7029,157,57
7036,164,57
7044,172,57
7056,184,57
7086,214,57
7097,225,57
7121,249,57
7131,259,57
7139,267,57
7147,4,58
7151,8,58
7172,29,58
7188,45,58
7189,46,58
7195,52,58
7205,62,58
7207,64,58
7217,74,58
7226,83,58
7232,89,58
7240,97,58
7260,117,58
7269,126,58
7274,131,58
7279,136,58
7283,140,58
7287,144,58
7288,145,58
7325,182,58
7333,190,58
7343,200,58
7366,223,58
7369,226,58
7372,229,58
7377,234,58
7392,249,58
7397,254,58
7402,259,58
7406,263,58
7407,264,58
7424,4,59
7436,16,59
7442,22,59
7450,30,59
7462,42,59
7466,46,59
7467,47,59
7480,60,59
7487,67,59
7503,83,59
7504,84,59
7511,91,59
7523,103,59
7537,117,59
7539,119,59
7543,123,59
7545,125,59
7561,141,59
7564,144,59
7568,148,59
7572,152,59
7585,165,59
7588,168,59
7591,171,59
7595,175,59
7603,183,59
7613,193,59
7618,198,59
7628,208,59
7633,213,59
7660,240,59
7677,257,59
7689,269,59
7697,277,59
7705,4,60
7719,18,60
7728,27,60
7731,30,60
7737,36,60
7739,38,60
7750,49,60
7757,56,60
7758,57,60
7764,63,60
7793,92,60
7797,96,60
7799,98,60
7810,109,60
7813,112,60
7817,116,60
7825,124,60
7829,128,60
7851,150,60
7863,162,60
7864,163,60
7868,167,60
7888,187,60
7901,200,60
7906,205,60
7925,224,60
7951,250,60
7982,281,60
7998,14,61
8002,18,61
8007,23,61
8021,37,61
8026,42,61
8028,44,61
8042,58,61
8074,90,61
8077,93,61
8084,100,61
8086,102,61
8092,108,61
8094,110,61
8103,119,61
8105,121,61
8106,122,61
8115,131,61
8121,137,61
8142,158,61
8165,181,61
8171,187,61
8188,204,61
8242,258,61
8249,265,61
8257,273,61
8276,292,61
8285,8,62
8293,16,62
8310,33,62
8324,47,62
8327,50,62
8337,60,62
8353,76,62
8372,95,62
8411,134,62
8423,146,62
8430,153,62
8433,156,62
8435,158,62
8439,162,62
8447,170,62
8480,203,62
8492,215,62
8501,224,62
8515,238,62
8520,243,62
8521,244,62
8528,251,62
8544,267,62
8547,270,62
8552,275,62
8559,282,62
8579,302,62
8591,7,63
8592,8,63
8598,14,63
8612,28,63
8624,40,63
8639,55,63
8651,67,63
8656,72,63
8658,74,63
8677,93,63
8680,96,63
8693,109,63
8702,118,63
8705,121,63
8709,125,63
8722,138,63
8730,146,63
8731,147,63
8740,156,63
8758,174,63
8798,214,63
8814,230,63
8820,236,63
8823,239,63
8835,251,63
8848,264,63
8849,265,63
8853,269,63
8864,280,63
8871,287,63
8882,298,63
8888,304,63
8896,1,64
8906,11,64
8921,26,64
8924,29,64
8935,40,64
8937,42,64
8938,43,64
8963,68,64
8965,70,64
8970,75,64
8978,83,64
8990,95,64
9003,108,64
9010,115,64
9017,122,64
9019,124,64
9034,139,64
9046,151,64
9052,157,64
9057,162,64
9068,173,64
9086,191,64
9088,193,64
9093,198,64
9114,219,64
9115,220,64
9125,230,64
9130,235,64
9134,239,64
9149,254,64
9150,255,64
9160,265,64
9166,271,64
9168,273,64
9174,279,64
9185,290,64
9197,302,64
9201,306,64
9221,13,65
9223,15,65
9225,17,65
9238,30,65
9256,48,65
9273,65,65
9274,66,65
9285,77,65
9301,93,65
9302,94,65
9303,95,65
9306,98,65
9322,114,65
9333,125,65
9339,131,65
9344,136,65
9345,137,65
9352,144,65
9356,148,65
9357,149,65
9363,155,65
9369,161,65
9370,162,65
9371,163,65
9375,167,65
9404,196,65
9405,197,65
9414,206,65
9420,212,65
9421,213,65
9427,219,65
9430,222,65
9433,225,65
9438,230,65
9452,244,65
9458,250,65
9459,251,65
9466,258,65
9468,260,65
9493,285,65
9514,306,65
9515,307,65
9517,309,65
9524,316,65
9542,17,66
9552,27,66
9560,35,66
9574,49,66
9587,62,66
9589,64,66
9591,66,66
9607,82,66
9615,90,66
9617,92,66
9626,101,66
9629,104,66
9642,117,66
9645,120,66
9662,137,66
9663,138,66
9664,139,66
9680,155,66
9696,171,66
9697,172,66
9701,176,66
9713,188,66
9728,203,66
9743,218,66
9752,227,66
9757,232,66
9765,240,66
9778,253,66
9784,259,66
9814,289,66
9816,291,66
9819,294,66
9822,297,66
9831,306,66
9851,326,66
9853,328,66
9856,0,67
9862,6,67
9905,49,67
9931,75,67
9934,78,67
9948,92,67
9959,103,67
9965,109,67
9983,127,67
9986,130,67
10004,148,67
10006,150,67
10016,160,67
10021,165,67
10028,172,67
10029,173,67
10040,184,67
10044,188,67
10091,235,67
10113,257,67
10127,271,67
10200,7,68
10205,12,68
10222,29,68
10257,64,68
10264,71,68
10267,74,68
10268,75,68
10287,94,68
10289,96,68
10312,119,68
10315,122,68
10316,123,68
10319,126,68
10327,134,68
10328,135,68
10337,144,68
10349,156,68
10350,157,68
10351,158,68
10359,166,68
10364,171,68
10391,198,68
10395,202,68
10402,209,68
10404,211,68
10408,215,68
10418,225,68
10456,263,68
10461,268,68
10464,271,68
10489,296,68
10491,298,68
10505,312,68
10513,320,68
10516,323,68
10517,324,68
10518,325,68
10553,13,69
10575,35,69
10577,37,69
10592,52,69
10594,54,69
10600,60,69
10627,87,69
10651,111,69
10671,131,69
10673,133,69
10677,137,69
10682,142,69
10691,151,69
10703,163,69
10704,164,69
10723,183,69
10734,194,69
10756,216,69
10764,224,69
10765,225,69
10792,252,69
10800,260,69
10805,265,69
10812,272,69
10824,284,69
10835,295,69
10855,315,69
10875,335,69
10900,11,70
10905,16,70
10916,27,70
10917,28,70
10943,54,70
10951,62,70
10964,75,70
10974,85,70
10978,89,70
10991,102,70
11001,112,70
11004,115,70
11028,139,70
11035,146,70
11040,151,70
11041,152,70
11043,154,70
11044,155,70
11063,174,70
11096,207,70
11108,219,70
11112,223,70
11120,231,70
11130,241,70
11131,242,70
11150,261,70
11171,282,70
11176,287,70
11181,292,70
11199,310,70
11201,312,70
11204,315,70
11208,319,70
11210,321,70
11211,322,70
11233,344,70
11242,0,71
11249,7,71
11253,11,71
11273,31,71
11275,33,71
11282,40,71
11284,42,71
11299,57,71
11304,62,71
11306,64,71
11333,91,71
11358,116,71
11380,138,71
11382,140,71
11385,143,71
11389,147,71
11395,153,71
11402,160,71
11408,166,71
11426,184,71
11449,207,71
11474,232,71
11481,239,71
11495,253,71
11497,255,71
11507,265,71
11513,271,71
11555,313,71
11556,314,71
11572,330,71
11637,36,72
11647,46,72
11661,60,72
11666,65,72
11679,78,72
11696,95,72
11700,99,72
11726,125,72
11742,141,72
11746,145,72
11766,165,72
11780,179,72
11781,180,72
11788,187,72
11803,202,72
11804,203,72
11828,227,72
11840,239,72
11848,247,72
11861,260,72
11864,263,72
11870,269,72
11890,289,72
11891,290,72
11894,293,72
11902,301,72
11905,304,72
11908,307,72
11924,323,72
11928,327,72
11988,20,73
12000,32,73
12037,69,73
12064,96,73
12076,108,73
12078,110,73
12103,135,73
12104,136,73
12121,153,73
12147,179,73
12156,188,73
12157,189,73
12179,211,73
12188,220,73
12206,238,73
12209,241,73
12216,248,73
12221,253,73
12228,260,73
12232,264,73
12249,281,73
12281,313,73
12284,316,73
12299,331,73
12304,336,73
12307,339,73
12312,344,73
12318,350,73
12344,3,74
12345,4,74
12346,5,74
12364,23,74
12366,25,74
12375,34,74
12386,45,74
12391,50,74
12406,65,74
12424,83,74
12436,95,74
12453,112,74
12474,133,74
12479,138,74
12484,143,74
12491,150,74
12493,152,74
12504,163,74
12519,178,74
12521,180,74
12524,183,74
12536,195,74
12552,211,74
12568,227,74
12578,237,74
12582,241,74
12585,244,74
12588,247,74
12614,273,74
12615,274,74
12625,284,74
12630,289,74
12642,301,74
12643,302,74
12652,311,74
12653,312,74
12654,313,74
12669,328,74
12676,335,74
12716,375,74
12728,8,75
12729,9,75
12731,11,75
12733,13,75
12736,16,75
12737,17,75
12742,22,75
12746,26,75
12799,79,75
12802,82,75
12828,108,75
12845,125,75
12862,142,75
12873,153,75
12877,157,75
12908,188,75
12913,193,75
12914,194,75
12920,200,75
12921,201,75
12922,202,75
12926,206,75
12944,224,75
12945,225,75
12949,229,75
12950,230,75
12965,245,75
12974,254,75
12976,256,75
12995,275,75
12999,279,75
13000,280,75
13015,295,75
13022,302,75
13062,342,75
13064,344,75
13074,354,75
13085,365,75
13091,371,75
13095,375,75
13108,5,76
13110,7,76
13131,28,76
13141,38,76
13148,45,76
13150,47,76
13172,69,76
13174,71,76
13181,78,76
13186,83,76
13195,92,76
13200,97,76
13208,105,76
13211,108,76
13218,115,76
13237,134,76
13249,146,76
13266,163,76
13286,183,76
13323,220,76
13325,222,76
13344,241,76
13361,258,76
13368,265,76
13370,267,76
13385,282,76
13387,284,76
13389,286,76
13396,293,76
13410,307,76
13412,309,76
13452,349,76
13456,353,76
13461,358,76
13468,365,76
13490,387,76
13496,4,77
13518,26,77
13553,61,77
13556,64,77
13560,68,77
13563,71,77
13567,75,77
13578,86,77
13586,94,77
13600,108,77
13607,115,77
13614,122,77
13657,165,77
13661,169,77
13669,177,77
13672,180,77
13682,190,77
13685,193,77
13696,204,77
13699,207,77
13707,215,77
13718,226,77
13747,255,77
13751,259,77
13752,260,77
13753,261,77
13761,269,77
13764,272,77
13766,274,77
13771,279,77
13783,291,77
13799,307,77
13828,336,77
13836,344,77
13842,350,77
13845,353,77
13849,357,77
13850,358,77
13893,4,78
13894,5,78
13902,13,78
13911,22,78
13924,35,78
13933,44,78
13936,47,78
13938,49,78
13946,57,78
13965,76,78
13973,84,78
13975,86,78
13978,89,78
13982,93,78
13985,96,78
14012,123,78
14024,135,78
14032,143,78
14050,161,78
14057,168,78
14064,175,78
14071,182,78
14072,183,78
14073,184,78
14099,210,78
14118,229,78
14122,233,78
14127,238,78
14132,243,78
14149,260,78
14150,261,78
14158,269,78
14179,290,78
14180,291,78
14206,317,78
14211,322,78
14234,345,78
14239,350,78
14249,360,78
14264,375,78
14266,377,78
14267,378,78
14283,394,78
14284,395,78
14285,396,78
14287,398,78
14314,24,79
14318,28,79
14329,39,79
14333,43,79
14334,44,79
14342,52,79
14344,54,79
14353,63,79
14354,64,79
14375,85,79
14380,90,79
14383,93,79
14393,103,79
14395,105,79
14398,108,79
14408,118,79
14420,130,79
14428,138,79
14442,152,79
14472,182,79
14475,185,79
14476,186,79
14486,196,79
14490,200,79
14506,216,79
14513,223,79
14543,253,79
14547,257,79
14553,263,79
14568,278,79
14582,292,79
14585,295,79
14615,325,79
14618,328,79
14619,329,79
14622,332,79
14629,339,79
14636,346,79
14639,349,79
14646,356,79
14647,357,79
14659,369,79
14676,386,79
14682,392,79
14688,398,79
14699,0,80
14701,2,80
14703,4,80
14710,11,80
14718,19,80
14726,27,80
14739,40,80
14775,76,80
14787,88,80
14794,95,80
14801,102,80
14808,109,80
14814,115,80
14820,121,80
14822,123,80
14843,144,80
14860,161,80
14877,178,80
14887,188,80
14902,203,80
14941,242,80
14949,250,80
14979,280,80
14985,286,80
14986,287,80
15003,304,80
15005,306,80
15022,323,80
15037,338,80
15046,347,80
15047,348,80
15081,382,80
15099,400,80
15121,3,81
15125,7,81
15138,20,81
15146,28,81
15151,33,81
15185,67,81
15192,74,81
15195,77,81
15213,95,81
15222,104,81
15243,125,81
15248,130,81
15252,134,81
15253,135,81
15255,137,81
15272,154,81
15283,165,81
15293,175,81
15296,178,81
15317,199,81
15318,200,81
15327,209,81
15329,211,81
15342,224,81
15343,225,81
15349,231,81
15356,238,81
15373,255,81
15384,266,81
15402,284,81
15424,306,81
15430,312,81
15431,313,81
15442,324,81
15450,332,81
15475,357,81
15501,383,81
15514,396,81
15520,402,81
15526,408,81
15536,418,81
15538,420,81
15540,1,82
15546,7,82
15556,17,82
15559,20,82
15562,23,82
15566,27,82
15574,35,82
15579,40,82
15581,42,82
15590,51,82
15599,60,82
15606,67,82
15608,69,82
15623,84,82
15631,92,82
15645,106,82
15653,114,82
15694,155,82
15697,158,82
15700,161,82
15709,170,82
15713,174,82
15747,208,82
15749,210,82
15769,230,82
15772,233,82
15785,246,82
15788,249,82
15792,253,82
15797,258,82
15800,261,82
15803,264,82
15814,275,82
15820,281,82
15826,287,82
15828,289,82
15835,296,82
15837,298,82
15839,300,82
15840,301,82
15842,303,82
15851,312,82
15875,336,82
15891,352,82
15893,354,82
15911,372,82
15917,378,82
15921,382,82
15923,384,82
15927,388,82
15937,398,82
15942,403,82
15946,407,82
15971,1,83
15980,10,83
15990,20,83
15993,23,83
16022,52,83
16052,82,83
16055,85,83
16058,88,83
16068,98,83
16069,99,83
16082,112,83
16101,131,83
16104,134,83
16108,138,83
16110,140,83
16120,150,83
16126,156,83
16129,159,83
16147,177,83
16161,191,83
16162,192,83
16172,202,83
16174,204,83
16176,206,83
16193,223,83
16210,240,83
16211,241,83
16225,255,83
16228,258,83
16231,261,83
16233,263,83
16248,278,83
16253,283,83
16260,290,83
16281,311,83
16289,319,83
16293,323,83
16294,324,83
16300,330,83
16308,338,83
16310,340,83
16314,344,83
16318,348,83
16323,353,83
16333,363,83
16351,381,83
16352,382,83
16363,393,83
16373,403,83
16376,406,83
16383,413,83
16399,429,83
16407,4,84
16408,5,84
16409,6,84
16420,17,84
16448,45,84
16455,52,84
16459,56,84
16464,61,84
16471,68,84
16475,72,84
16501,98,84
16512,109,84
16519,116,84
16521,118,84
16545,142,84
16557,154,84
16563,160,84
16570,167,84
16573,170,84
16580,177,84
16583,180,84
16586,183,84
16599,196,84
16613,210,84
16626,223,84
16627,224,84
16646,243,84
16647,244,84
16649,246,84
16663,260,84
16667,264,84
16668,265,84
16685,282,84
16688,285,84
16703,300,84
16704,301,84
16707,304,84
16709,306,84
16711,308,84
16712,309,84
16714,311,84
16718,315,84
16752,349,84
16757,354,84
16758,355,84
16765,362,84
16769,366,84
16786,383,84
16798,395,84
16802,399,84
16807,404,84
16823,420,84
16827,424,84
16844,2,85
16860,18,85
16861,19,85
16876,34,85
16887,45,85
16893,51,85
16895,53,85
16901,59,85
16902,60,85
16907,65,85
16909,67,85
16932,90,85
16957,115,85
16965,123,85
16989,147,85
17001,159,85
17002,160,85
17011,169,85
17014,172,85
17024,182,85
17028,186,85
17029,187,85
17034,192,85
17035,193,85
17038,196,85
17047,205,85
17052,210,85
17053,211,85
17074,232,85
17077,235,85
17089,247,85
17091,249,85
17106,264,85
17110,268,85
17115,273,85
17121,279,85
17122,280,85
17133,291,85
17134,292,85
17137,295,85
17175,333,85
17192,350,85
17193,351,85
17210,368,85
17252,410,85
17259,417,85
17262,420,85
17266,424,85
17267,425,85
17278,436,85
17285,0,86
17290,5,86
17292,7,86
17307,22,86
17310,25,86
17313,28,86
17328,43,86
17352,67,86
17362,77,86
17367,82,86
17378,93,86
17384,99,86
17393,108,86
17399,114,86
17401,116,86
17412,127,86
17417,132,86
17436,151,86
17443,158,86
17447,162,86
17449,164,86
17451,166,86
17467,182,86
17468,183,86
17469,184,86
17493,208,86
17500,215,86
17509,224,86
17511,226,86
17559,274,86
17561,276,86
17576,291,86
17589,304,86
17591,306,86
17601,316,86
17602,317,86
17606,321,86
17627,342,86
17649,364,86
17654,369,86
17662,377,86
17664,379,86
17667,382,86
17671,386,86
17672,387,86
17676,391,86
17685,400,86
17708,423,86
17723,438,86
17728,443,86
17730,445,86
17732,447,86
17734,0,87
17736,2,87
17739,5,87
17745,11,87
17748,14,87
17749,15,87
17757,23,87
17762,28,87
17772,38,87
17774,40,87
17777,43,87
17796,62,87
17803,69,87
17805,71,87
17812,78,87
17818,84,87
17819,85,87
17820,86,87
17837,103,87
17838,104,87
17857,123,87
17859,125,87
17860,126,87
17871,137,87
17893,159,87
17895,161,87
17900,166,87
17903,169,87
17907,173,87
17912,178,87
17915,181,87
17969,235,87
17994,260,87
17996,262,87
18017,283,87
18024,290,87
18032,298,87
18043,309,87
18044,310,87
18063,329,87
18067,333,87
18085,351,87
18089,355,87
18098,364,87
18111,377,87
18126,392,87
18129,395,87
18134,400,87
18152,418,87
18161,427,87
18175,441,87
18179,445,87
18201,10,88
18218,27,88
18264,73,88
18267,76,88
18276,85,88
18297,106,88
18303,112,88
18324,133,88
18328,137,88
18346,155,88
18366,175,88
18376,185,88
18378,187,88
18379,188,88
18381,190,88
18382,191,88
18383,192,88
18386,195,88
18389,198,88
18393,202,88
18403,212,88
18409,218,88
18432,241,88
18434,243,88
18437,246,88
18447,256,88
18460,269,88
18475,284,88
18478,287,88
18480,289,88
18488,297,88
18496,305,88
18514,323,88
18522,331,88
18545,354,88
18556,365,88
18561,370,88
18589,398,88
18591,400,88
18607,416,88
18610,419,88
18613,422,88
18646,455,88
18652,0,89
18654,2,89
18655,3,89
18660,8,89
18677,25,89
18686,34,89
18692,40,89
18695,43,89
18703,51,89
18720,68,89
18733,81,89
18746,94,89
18747,95,89
18754,102,89
18757,105,89
18774,122,89
18777,125,89
18789,137,89
18800,148,89
18802,150,89
18823,171,89
18826,174,89
18834,182,89
18835,183,89
18844,192,89
18845,193,89
18858,206,89
18866,214,89
18871,219,89
18884,232,89
18887,235,89
18894,242,89
18895,243,89
18923,271,89
18929,277,89
18939,287,89
18948,296,89
18951,299,89
18952,300,89
18955,303,89
18962,310,89
18988,336,89
18999,347,89
19040,388,89
19043,391,89
19062,410,89
19105,453,89
19126,11,90
19130,15,90
19161,46,90
19167,52,90
19177,62,90
19191,76,90
19198,83,90
19208,93,90
19220,105,90
19229,114,90
19236,121,90
19240,125,90
19244,129,90
19267,152,90
19268,153,90
19273,158,90
19276,161,90
19280,165,90
19284,169,90
19290,175,90
19292,177,90
19295,180,90
19321,206,90
19329,214,90
19341,226,90
19346,231,90
19347,232,90
19371,256,90
19379,264,90
19406,291,90
19414,299,90
19419,304,90
19436,321,90
19445,330,90
19447,332,90
19455,340,90
19470,355,90
19476,361,90
19486,371,90
19492,377,90
19533,418,90
19542,427,90
19546,431,90
19552,437,90
19560,445,90
19570,455,90
19578,463,90
19580,465,90
19587,5,91
19593,11,91
19596,14,91
19602,20,91
19616,34,91
19636,54,91
19641,59,91
19651,69,91
19674,92,91
19689,107,91
19691,109,91
19701,119,91
19702,120,91
19716,134,91
19721,139,91
19723,141,91
19734,152,91
19746,164,91
19748,166,91
19752,170,91
19758,176,91
19770,188,91
19777,195,91
19779,197,91
19786,204,91
19790,208,91
19817,235,91
19823,241,91
19825,243,91
19827,245,91
19833,251,91
19834,252,91
19840,258,91
19841,259,91
19842,260,91
19848,266,91
19892,310,91
19898,316,91
19909,327,91
19919,337,91
19921,339,91
19924,342,91
19927,345,91
19928,346,91
19929,347,91
19936,354,91
19937,355,91
19948,366,91
19962,380,91
19971,389,91
19979,397,91
20006,424,91
20008,426,91
20026,444,91
20042,460,91
20059,477,91
20063,2,92
20073,12,92
20107,46,92
20113,52,92
20124,63,92
20125,64,92
20161,100,92
20176,115,92
20177,116,92
20192,131,92
20199,138,92
20213,152,92
20226,165,92
20228,167,92
20229,168,92
20235,174,92
20257,196,92
20284,223,92
20293,232,92
20301,240,92
20313,252,92
20321,260,92
20330,269,92
20332,271,92
20345,284,92
20354,293,92
20357,296,92
20378,317,92
20412,351,92
20424,363,92
20431,370,92
20435,374,92
20462,401,92
20468,407,92
20474,413,92
20504,443,92
20518,457,92
20519,458,92
20532,471,92
20535,474,92
20536,475,92
20540,479,92
20558,10,93
20561,13,93
20583,35,93
20603,55,93
20607,59,93
20608,60,93
20620,72,93
20621,73,93
20625,77,93
20626,78,93
20643,95,93
20649,101,93
20651,103,93
20652,104,93
20658,110,93
20662,114,93
20666,118,93
20671,123,93
20672,124,93
20673,125,93
20681,133,93
20684,136,93
20686,138,93
20687,139,93
20694,146,93
20697,149,93
20705,157,93
20718,170,93
20738,190,93
20739,191,93
20753,205,93
20766,218,93
20770,222,93
20777,229,93
20813,265,93
20824,276,93
20836,288,93
20844,296,93
20846,298,93
20860,312,93
20869,321,93
20877,329,93
20881,333,93
20885,337,93
20894,346,93
20896,348,93
20898,350,93
20912,364,93
20916,368,93
20921,373,93
20946,398,93
20947,399,93
20952,404,93
20991,443,93
20996,448,93
21053,14,94
21086,47,94
21100,61,94
21101,62,94
21109,70,94
21112,73,94
21116,77,94
21131,92,94
21137,98,94
21158,119,94
21178,139,94
21179,140,94
21182,143,94
21227,188,94
21239,200,94
21249,210,94
21260,221,94
21265,226,94
21267,228,94
21268,229,94
21277,238,94
21283,244,94
21284,245,94
21309,270,94
21312,273,94
21314,275,94
21330,291,94
21334,295,94
21350,311,94
21354,315,94
21361,322,94
21384,345,94
21393,354,94
21396,357,94
21397,358,94
21398,359,94
21441,402,94
21442,403,94
21445,406,94
21453,414,94
21465,426,94
21466,427,94
21476,437,94
21480,441,94
21518,479,94
21534,495,94
21540,2,95
21543,5,95
21545,7,95
21546,8,95
21555,17,95
21565,27,95
21569,31,95
21570,32,95
21578,40,95
21582,44,95
21585,47,95
21589,51,95
21592,54,95
21598,60,95
21602,64,95
21608,70,95
21611,73,95
21615,77,95
21617,79,95
21629,91,95
21630,92,95
21638,100,95
21667,129,95
21675,137,95
21694,156,95
21714,176,95
21716,178,95
21720,182,95
21728,190,95
21732,194,95
21754,216,95
21761,223,95
21767,229,95
21771,233,95
21782,244,95
21788,250,95
21820,282,95
21826,288,95
21829,291,95
21834,296,95
21838,300,95
21847,309,95
21864,326,95
21881,343,95
21891,353,95
21904,366,95
21915,377,95
21922,384,95
21930,392,95
21934,396,95
21943,405,95
21947,409,95
21949,411,95
21959,421,95
21979,441,95
21988,450,95
21995,457,95
22014,476,95
22018,480,95
22029,491,95
22035,497,95
22079,38,96
22101,60,96
22104,63,96
22109,68,96
22113,72,96
22139,98,96
22162,121,96
22168,127,96
22206,165,96
22210,169,96
22220,179,96
22226,185,96
22227,186,96
22259,218,96
22268,227,96
22294,253,96
22297,256,96
22320,279,96
22329,288,96
22338,297,96
22354,313,96
22365,324,96
22370,329,96
22410,369,96
22425,384,96
22443,402,96
22444,403,96
22452,411,96
22455,414,96
22469,428,96
22480,439,96
22481,440,96
22482,441,96
22485,444,96
22494,453,96
22498,457,96
22505,464,96
22506,465,96
22521,480,96
22535,494,96
22537,496,96
22538,497,96
22559,9,97
22563,13,97
22564,14,97
22569,19,97
22616,66,97
22646,96,97
22667,117,97
22675,125,97
22688,138,97
22691,141,97
22702,152,97
22707,157,97
22711,161,97
22714,164,97
22718,168,97
22719,169,97
22751,201,97
22761,211,97
22767,217,97
22782,232,97
22798,248,97
22816,266,97
22849,299,97
22853,303,97
22854,304,97
22863,313,97
22896,346,97
22914,364,97
22941,391,97
22944,394,97
22975,425,97
22982,432,97
22998,448,97
23008,458,97
23016,466,97
23028,478,97
23046,496,97
23050,500,97
23057,507,97
23059,509,97
23080,9,98
23083,12,98
23085,14,98
23093,22,98
23094,23,98
23099,28,98
23116,45,98
23118,47,98
23121,50,98
23128,57,98
23131,60,98
23152,81,98
23183,112,98
23186,115,98
23212,141,98
23216,145,98
23220,149,98
23231,160,98
23249,178,98
23256,185,98
23257,186,98
23279,208,98
23288,217,98
23293,222,98
23318,247,98
23329,258,98
23334,263,98
23346,275,98
23363,292,98
23376,305,98
23377,306,98
23389,318,98
23393,322,98
23394,323,98
23409,338,98
23413,342,98
23415,344,98
23418,347,98
23420,349,98
23428,357,98
23445,374,98
23452,381,98
23456,385,98
23470,399,98
23472,401,98
23475,404,98
23477,406,98
23483,412,98
23494,423,98
23514,443,98
23531,460,98
23540,469,98
23541,470,98
23557,486,98
23560,489,98
23577,506,98
23581,510,98
23583,512,98
23605,11,99
23611,17,99
23627,33,99
23628,34,99
23634,40,99
23646,52,99
23647,53,99
23658,64,99
23659,65,99
23666,72,99
23679,85,99
23684,90,99
23686,92,99
23696,102,99
23705,111,99
23713,119,99
23738,144,99
23745,151,99
23746,152,99
23762,168,99
23777,183,99
23788,194,99
23815,221,99
23816,222,99
23826,232,99
23838,244,99
23842,248,99
23847,253,99
23850,256,99
23870,276,99
23871,277,99
23876,282,99
23880,286,99
23885,291,99
23908,314,99
23926,332,99
23929,335,99
23933,339,99
23935,341,99
23936,342,99
23939,345,99
23943,349,99
23957,363,99
23995,401,99
23998,404,99
24011,417,99
24017,423,99
24023,429,99
24036,442,99
24038,444,99
24059,465,99
24092,498,99
24099,505,99
24109,515,99
24112,518,99
24117,523,99
24133,539,99
24137,2,100
24147,12,100
24159,24,100
24160,25,100
24181,46,100
24192,57,100
24195,60,100
24200,65,100
24202,67,100
24228,93,100
24229,94,100
24241,106,100
24244,109,100
24252,117,100
24261,126,100
24262,127,100
24267,132,100
24277,142,100
24280,145,100
24282,147,100
24283,148,100
24304,169,100
24306,171,100
24311,176,100
24324,189,100
24326,191,100
24337,202,100
24338,203,100
24353,218,100
24382,247,100
24383,248,100
24388,253,100
24395,260,100
24413,278,100
24429,294,100
24441,306,100
24460,325,100
24462,327,100
24467,332,100
24479,344,100
24505,370,100
24506,371,100
24514,379,100
24526,391,100
24533,398,100
24542,407,100
24545,410,100
24550,415,100
24557,422,100
24567,432,100
24571,436,100
24575,440,100
24594,459,100
24622,487,100
24630,495,100
24637,502,100
24655,520,100
24666,531,100
24673,538,100
24675,540,100
24680,545,100
24685,3,101
24709,27,101
24719,37,101
24747,65,101
24748,66,101
24749,67,101
24765,83,101
24777,95,101
24778,96,101
24796,114,101
24812,130,101
24823,141,101
24830,148,101
24832,150,101
24844,162,101
24851,169,101
24865,183,101
24870,188,101
24878,196,101
24903,221,101
24918,236,101
24932,250,101
24941,259,101
24942,260,101
24950,268,101
24954,272,101
24957,275,101
24969,287,101
24984,302,101
24996,314,101
25003,321,101
25012,330,101
25028,346,101
25044,362,101
25052,370,101
25055,373,101
25056,374,101
25075,393,101
25085,403,101
25093,411,101
25102,420,101
25109,427,101
25117,435,101
25136,454,101
25148,466,101
25150,468,101
25151,469,101
25152,470,101
25176,494,101
25177,495,101
25179,497,101
25189,507,101
25221,539,101
25227,545,101
25229,547,101
25236,554,101
25249,10,102
25258,19,102
25269,30,102
25316,77,102
25317,78,102
25322,83,102
25330,91,102
25339,100,102
25348,109,102
25350,111,102
25357,118,102
25386,147,102
25387,148,102
25389,150,102
25401,162,102
25413,174,102
25418,179,102
25426,187,102
25428,189,102
25433,194,102
25439,200,102
25455,216,102
25465,226,102
25470,231,102
25478,239,102
25481,242,102
25490,251,102
25497,258,102
25500,261,102
25503,264,102
25514,275,102
25520,281,102
25527,288,102
25528,289,102
25551,312,102
25582,343,102
25588,349,102
25612,373,102
25616,377,102
25619,380,102
25620,381,102
25639,400,102
25648,409,102
25657,418,102
25663,424,102
25672,433,102
25673,434,102
25680,441,102
25682,443,102
25683,444,102
25684,445,102
25688,449,102
25699,460,102
25701,462,102
25708,469,102
25712,473,102
25714,475,102
25726,487,102
25727,488,102
25746,507,102
25753,514,102
25757,518,102
25768,529,102
25771,532,102
25785,546,102
25802,0,103
25817,15,103
25818,16,103
25832,30,103
25843,41,103
25850,48,103
25853,51,103
25856,54,103
25865,63,103
25866,64,103
25870,68,103
25877,75,103
25883,81,103
25896,94,103
25937,135,103
25950,148,103
25962,160,103
25979,177,103
26006,204,103
26018,216,103
26026,224,103
26027,225,103
26037,235,103
26057,255,103
26070,268,103
26086,284,103
26088,286,103
26095,293,103
26105,303,103
26106,304,103
26109,307,103
26110,308,103
26116,314,103
26117,315,103
26121,319,103
26138,336,103
26143,341,103
26145,343,103
26155,353,103
26165,363,103
26166,364,103
26171,369,103
26178,376,103
26179,377,103
26183,381,103
26185,383,103
26190,388,103
26199,397,103
26203,401,103
26207,405,103
26230,428,103
26242,440,103
26250,448,103
26262,460,103
26264,462,103
26287,485,103
26290,488,103
26294,492,103
26320,518,103
26327,525,103
26329,527,103
26341,539,103
26373,2,104
26418,47,104
26420,49,104
26468,97,104
26470,99,104
26492,121,104
26502,131,104
26544,173,104
26576,205,104
26585,214,104
26592,221,104
26595,224,104
26608,237,104
26615,244,104
26625,254,104
26626,255,104
26641,270,104
26692,321,104
26694,323,104
26699,328,104
26702,331,104
26714,343,104
26716,345,104
26725,354,104
26726,355,104
26727,356,104
26729,358,104
26747,376,104
26752,381,104
26759,388,104
26795,424,104
26798,427,104
26802,431,104
26812,441,104
26823,452,104
26835,464,104
26837,466,104
26845,474,104
26856,485,104
26861,490,104
26873,502,104
26878,507,104
26898,527,104
26921,550,104
26926,555,104
26932,561,104
26942,0,105
26958,16,105
26968,26,105
26970,28,105
26982,40,105
26989,47,105
27006,64,105
27013,71,105
27030,88,105
27031,89,105
27037,95,105
27050,108,105
27065,123,105
27067,125,105
27069,127,105
27073,131,105
27074,132,105
27077,135,105
27083,141,105
27093,151,105
27103,161,105
27133,191,105
27183,241,105
27193,251,105
27194,252,105
27199,257,105
27221,279,105
27231,289,105
27241,299,105
27247,305,105
27248,306,105
27252,310,105
27259,317,105
27262,320,105
27263,321,105
27280,338,105
27285,343,105
27291,349,105
27315,373,105
27316,374,105
27318,376,105
27328,386,105
27331,389,105
27336,394,105
27337,395,105
27338,396,105
27342,400,105
27345,403,105
27348,406,105
27358,416,105
27359,417,105
27375,433,105
27376,434,105
27379,437,105
27406,464,105
27413,471,105
27427,485,105
27443,501,105
27452,510,105
27454,512,105
27456,514,105
27468,526,105
27469,527,105
27472,530,105
27473,531,105
27482,540,105
27483,541,105
27499,557,105
27505,563,105
27511,569,105
27525,6,106
27553,34,106
27557,38,106
27567,48,106
27578,59,106
27587,68,106
27597,78,106
27609,90,106
27644,125,106
27645,126,106
27653,134,106
27656,137,106
27658,139,106
27660,141,106
27682,163,106
27686,167,106
27704,185,106
27705,186,106
27722,203,106
27724,205,106
27731,212,106
27759,240,106
27766,247,106
27769,250,106
27774,255,106
27782,263,106
27794,275,106
27807,288,106
27818,299,106
27832,313,106
27849,330,106
27853,334,106
27884,365,106
27908,389,106
27929,410,106
27932,413,106
27944,425,106
27947,428,106
27961,442,106
27965,446,106
27967,448,106
27970,451,106
27972,453,106
27978,459,106
27986,467,106
27989,470,106
28001,482,106
28010,491,106
28030,511,106
28040,521,106
28048,529,106
28054,535,106
28111,5,107
28125,19,107
28132,26,107
28140,34,107
28141,35,107
28158,52,107
28169,63,107
28171,65,107
28180,74,107
28181,75,107
28196,90,107
28205,99,107
28207,101,107
28219,113,107
28222,116,107
28225,119,107
28227,121,107
28230,124,107
28258,152,107
28264,158,107
28273,167,107
28294,188,107
28300,194,107
28310,204,107
28317,211,107
28318,212,107
28324,218,107
28347,241,107
28348,242,107
28373,267,107
28381,275,107
28389,283,107
28419,313,107
28434,328,107
28448,342,107
28459,353,107
28462,356,107
28469,363,107
28470,364,107
28475,369,107
28495,389,107
28507,401,107
28527,421,107
28529,423,107
28542,436,107
28546,440,107
28554,448,107
28557,451,107
28559,453,107
28561,455,107
28567,461,107
28571,465,107
28583,477,107
28588,482,107
28596,490,107
28604,498,107
28606,500,107
28607,501,107
28625,519,107
28630,524,107
28632,526,107
28649,543,107
28667,561,107
28673,567,107
28683,577,107
28697,591,107
28703,4,108
28706,7,108
28716,17,108
28717,18,108
28724,25,108
28744,45,108
28755,56,108
28780,81,108
28782,83,108
28783,84,108
28807,108,108
28810,111,108
28841,142,108
28846,147,108
28851,152,108
28858,159,108
28865,166,108
28872,173,108
28873,174,108
28876,177,108
28902,203,108
28907,208,108
28912,213,108
28930,231,108
28934,235,108
28961,262,108
28972,273,108
28978,279,108
28994,295,108
29011,312,108
29014,315,108
29033,334,108
29042,343,108
29067,368,108
29080,381,108
29102,403,108
29110,411,108
29120,421,108
29138,439,108
29147,448,108
29152,453,108
29178,479,108
29195,496,108
29201,502,108
29206,507,108
29218,519,108
29230,531,108
29238,539,108
29243,544,108
29248,549,108
29260,561,108
29277,578,108
29299,1,109
29309,11,109
29314,16,109
29319,21,109
29323,25,109
29334,36,109
29356,58,109
29361,63,109
29376,78,109
29380,82,109
29389,91,109
29409,111,109
29410,112,109
29415,117,109
29427,129,109
29434,136,109
29450,152,109
29452,154,109
29471,173,109
29473,175,109
29475,177,109
29482,184,109
29489,191,109
29500,202,109
29507,209,109
29521,223,109
29525,227,109
29527,229,109
29532,234,109
29539,241,109
29541,243,109
29543,245,109
29544,246,109
29552,254,109
29558,260,109
29571,273,109
29591,293,109
29601,303,109
29610,312,109
29624,326,109
29627,329,109
29637,339,109
29649,351,109
29658,360,109
29663,365,109
29681,383,109
29697,399,109
29706,408,109
29712,414,109
29724,426,109
29738,440,109
29740,442,109
29760,462,109
29765,467,109
29769,471,109
29798,500,109
29801,503,109
29831,533,109
29836,538,109
29847,549,109
29855,557,109
29858,560,109
29899,0,110
29907,8,110
29908,9,110
29921,22,110
29924,25,110
29939,40,110
29946,47,110
29963,64,110
29969,70,110
29989,90,110
